7.812500000000000000e-02 0.000000000000000000e+00 0.000000000000000000e+00 1.875000000000000000e-01 2.500000000000000000e-01 0.000000000000000000e+00 0.000000000000000000e+00 6.250000000000000000e-02 0.000000000000000000e+00 1.562500000000000000e-02 0.000000000000000000e+00 0.000000000000000000e+00 4.687500000000000000e-02 3.125000000000000000e-02 4.687500000000000000e-02 0.000000000000000000e+00 0.000000000000000000e+00 6.250000000000000000e-02 4.687500000000000000e-02 0.000000000000000000e+00 0.000000000000000000e+00 0.000000000000000000e+00 0.000000000000000000e+00 0.000000000000000000e+00 0.000000000000000000e+00 0.000000000000000000e+00 0.000000000000000000e+00 1.406250000000000000e-01 0.000000000000000000e+00 0.000000000000000000e+00 0.000000000000000000e+00 3.125000000000000000e-02
6.250000000000000000e-02 0.000000000000000000e+00 7.812500000000000000e-02 0.000000000000000000e+00 1.562500000000000000e-02 0.000000000000000000e+00 0.000000000000000000e+00 0.000000000000000000e+00 0.000000000000000000e+00 9.375000000000000000e-02 2.031250000000000000e-01 0.000000000000000000e+00 1.562500000000000000e-02 0.000000000000000000e+00 0.000000000000000000e+00 0.000000000000000000e+00 1.562500000000000000e-02 0.000000000000000000e+00 0.000000000000000000e+00 1.562500000000000000e-02 0.000000000000000000e+00 1.406250000000000000e-01 1.562500000000000000e-01 1.562500000000000000e-02 0.000000000000000000e+00 0.000000000000000000e+00 1.093750000000000000e-01 0.000000000000000000e+00 0.000000000000000000e+00 1.562500000000000000e-02 6.250000000000000000e-02 0.000000000000000000e+00
3.125000000000000000e-02 0.000000000000000000e+00 0.000000000000000000e+00 0.000000000000000000e+00 2.343750000000000000e-01 0.000000000000000000e+00 0.000000000000000000e+00 0.000000000000000000e+00 0.000000000000000000e+00 3.125000000000000000e-02 1.875000000000000000e-01 9.375000000000000000e-02 0.000000000000000000e+00 3.125000000000000000e-02 0.000000000000000000e+00 0.000000000000000000e+00 0.000000000000000000e+00 0.000000000000000000e+00 0.000000000000000000e+00 0.000000000000000000e+00 0.000000000000000000e+00 0.000000000000000000e+00 1.562500000000000000e-02 1.718750000000000000e-01 1.093750000000000000e-01 0.000000000000000000e+00 0.000000000000000000e+00 0.000000000000000000e+00 0.000000000000000000e+00 0.000000000000000000e+00 4.687500000000000000e-02 4.687500000000000000e-02
1.562500000000000000e-02 0.000000000000000000e+00 4.687500000000000000e-02 0.000000000000000000e+00 1.093750000000000000e-01 4.687500000000000000e-02 0.000000000000000000e+00 6.250000000000000000e-02 0.000000000000000000e+00 3.125000000000000000e-02 0.000000000000000000e+00 7.812500000000000000e-02 1.562500000000000000e-02 7.812500000000000000e-02 0.000000000000000000e+00 0.000000000000000000e+00 1.562500000000000000e-02 0.000000000000000000e+00 1.562500000000000000e-02 0.000000000000000000e+00 0.000000000000000000e+00 6.250000000000000000e-02 0.000000000000000000e+00 0.000000000000000000e+00 0.000000000000000000e+00 1.562500000000000000e-02 3.750000000000000000e-01 0.000000000000000000e+00 0.000000000000000000e+00 0.000000000000000000e+00 0.000000000000000000e+00 3.125000000000000000e-02
0.000000000000000000e+00 0.000000000000000000e+00 3.125000000000000000e-02 0.000000000000000000e+00 1.562500000000000000e-02 0.000000000000000000e+00 0.000000000000000000e+00 0.000000000000000000e+00 4.687500000000000000e-02 0.000000000000000000e+00 0.000000000000000000e+00 1.562500000000000000e-01 0.000000000000000000e+00 0.000000000000000000e+00 0.000000000000000000e+00 1.093750000000000000e-01 0.000000000000000000e+00 0.000000000000000000e+00 6.250000000000000000e-02 0.000000000000000000e+00 0.000000000000000000e+00 0.000000000000000000e+00 4.687500000000000000e-02 0.000000000000000000e+00 0.000000000000000000e+00 0.000000000000000000e+00 1.562500000000000000e-02 0.000000000000000000e+00 0.000000000000000000e+00 0.000000000000000000e+00 4.375000000000000000e-01 7.812500000000000000e-02
0.000000000000000000e+00 1.562500000000000000e-02 1.562500000000000000e-02 0.000000000000000000e+00 1.250000000000000000e-01 7.812500000000000000e-02 0.000000000000000000e+00 1.562500000000000000e-02 1.562500000000000000e-02 1.562500000000000000e-02 0.000000000000000000e+00 0.000000000000000000e+00 0.000000000000000000e+00 0.000000000000000000e+00 0.000000000000000000e+00 0.000000000000000000e+00 0.000000000000000000e+00 0.000000000000000000e+00 1.093750000000000000e-01 0.000000000000000000e+00 0.000000000000000000e+00 0.000000000000000000e+00 9.375000000000000000e-02 0.000000000000000000e+00 9.375000000000000000e-02 4.687500000000000000e-02 0.000000000000000000e+00 6.250000000000000000e-02 1.562500000000000000e-02 0.000000000000000000e+00 2.343750000000000000e-01 6.250000000000000000e-02
1.562500000000000000e-01 0.000000000000000000e+00 1.562500000000000000e-02 0.000000000000000000e+00 7.812500000000000000e-02 0.000000000000000000e+00 0.000000000000000000e+00 0.000000000000000000e+00 6.250000000000000000e-02 4.687500000000000000e-02 9.375000000000000000e-02 0.000000000000000000e+00 7.812500000000000000e-02 0.000000000000000000e+00 1.406250000000000000e-01 0.000000000000000000e+00 0.000000000000000000e+00 0.000000000000000000e+00 0.000000000000000000e+00 0.000000000000000000e+00 1.562500000000000000e-01 1.562500000000000000e-02 7.812500000000000000e-02 0.000000000000000000e+00 0.000000000000000000e+00 1.562500000000000000e-02 0.000000000000000000e+00 0.000000000000000000e+00 0.000000000000000000e+00 0.000000000000000000e+00 4.687500000000000000e-02 1.562500000000000000e-02
9.375000000000000000e-02 0.000000000000000000e+00 0.000000000000000000e+00 1.250000000000000000e-01 1.406250000000000000e-01 7.812500000000000000e-02 0.000000000000000000e+00 3.125000000000000000e-02 0.000000000000000000e+00 9.375000000000000000e-02 4.687500000000000000e-02 4.687500000000000000e-02 0.000000000000000000e+00 0.000000000000000000e+00 6.250000000000000000e-02 0.000000000000000000e+00 0.000000000000000000e+00 0.000000000000000000e+00 3.125000000000000000e-02 0.000000000000000000e+00 0.000000000000000000e+00 1.562500000000000000e-02 0.000000000000000000e+00 6.250000000000000000e-02 0.000000000000000000e+00 4.687500000000000000e-02 0.000000000000000000e+00 1.562500000000000000e-02 0.000000000000000000e+00 0.000000000000000000e+00 3.125000000000000000e-02 7.812500000000000000e-02
6.153846153846154188e-02 0.000000000000000000e+00 1.538461538461538547e-02 0.000000000000000000e+00 2.307692307692307820e-01 0.000000000000000000e+00 0.000000000000000000e+00 1.692307692307692402e-01 4.615384615384615641e-02 8.461538461538462008e-02 0.000000000000000000e+00 7.692307692307692735e-03 0.000000000000000000e+00 4.615384615384615641e-02 0.000000000000000000e+00 0.000000000000000000e+00 0.000000000000000000e+00 0.000000000000000000e+00 7.692307692307692735e-03 0.000000000000000000e+00 0.000000000000000000e+00 7.692307692307692735e-03 0.000000000000000000e+00 1.076923076923076983e-01 0.000000000000000000e+00 7.692307692307692735e-03 7.692307692307692735e-03 1.461538461538461620e-01 3.076923076923077094e-02 7.692307692307692735e-03 0.000000000000000000e+00 1.538461538461538547e-02
9.375000000000000000e-02 0.000000000000000000e+00 6.250000000000000000e-02 0.000000000000000000e+00 4.687500000000000000e-02 0.000000000000000000e+00 3.125000000000000000e-02 4.687500000000000000e-02 1.562500000000000000e-02 1.562500000000000000e-02 0.000000000000000000e+00 4.687500000000000000e-02 0.000000000000000000e+00 0.000000000000000000e+00 0.000000000000000000e+00 9.375000000000000000e-02 1.562500000000000000e-02 0.000000000000000000e+00 0.000000000000000000e+00 0.000000000000000000e+00 0.000000000000000000e+00 0.000000000000000000e+00 3.125000000000000000e-02 0.000000000000000000e+00 9.375000000000000000e-02 0.000000000000000000e+00 3.125000000000000000e-02 3.125000000000000000e-02 1.562500000000000000e-02 0.000000000000000000e+00 3.281250000000000000e-01 0.000000000000000000e+00
4.687500000000000000e-02 1.093750000000000000e-01 2.968750000000000000e-01 0.000000000000000000e+00 4.687500000000000000e-02 3.125000000000000000e-02 0.000000000000000000e+00 1.250000000000000000e-01 0.000000000000000000e+00 0.000000000000000000e+00 0.000000000000000000e+00 0.000000000000000000e+00 4.687500000000000000e-02 1.562500000000000000e-02 0.000000000000000000e+00 0.000000000000000000e+00 0.000000000000000000e+00 0.000000000000000000e+00 1.562500000000000000e-02 0.000000000000000000e+00 0.000000000000000000e+00 0.000000000000000000e+00 0.000000000000000000e+00 6.250000000000000000e-02 0.000000000000000000e+00 0.000000000000000000e+00 4.687500000000000000e-02 3.125000000000000000e-02 0.000000000000000000e+00 1.093750000000000000e-01 0.000000000000000000e+00 1.562500000000000000e-02
4.687500000000000000e-02 0.000000000000000000e+00 0.000000000000000000e+00 0.000000000000000000e+00 1.718750000000000000e-01 1.562500000000000000e-01 0.000000000000000000e+00 0.000000000000000000e+00 0.000000000000000000e+00 0.000000000000000000e+00 0.000000000000000000e+00 1.562500000000000000e-02 0.000000000000000000e+00 0.000000000000000000e+00 1.562500000000000000e-02 6.250000000000000000e-02 1.562500000000000000e-02 0.000000000000000000e+00 6.250000000000000000e-02 0.000000000000000000e+00 1.093750000000000000e-01 1.406250000000000000e-01 4.687500000000000000e-02 0.000000000000000000e+00 0.000000000000000000e+00 0.000000000000000000e+00 1.562500000000000000e-02 0.000000000000000000e+00 0.000000000000000000e+00 0.000000000000000000e+00 6.250000000000000000e-02 7.812500000000000000e-02
7.812500000000000000e-02 9.375000000000000000e-02 9.375000000000000000e-02 0.000000000000000000e+00 0.000000000000000000e+00 0.000000000000000000e+00 0.000000000000000000e+00 0.000000000000000000e+00 1.718750000000000000e-01 0.000000000000000000e+00 0.000000000000000000e+00 0.000000000000000000e+00 0.000000000000000000e+00 0.000000000000000000e+00 0.000000000000000000e+00 0.000000000000000000e+00 1.250000000000000000e-01 0.000000000000000000e+00 0.000000000000000000e+00 0.000000000000000000e+00 0.000000000000000000e+00 0.000000000000000000e+00 7.812500000000000000e-02 3.125000000000000000e-02 6.250000000000000000e-02 0.000000000000000000e+00 1.250000000000000000e-01 0.000000000000000000e+00 0.000000000000000000e+00 1.562500000000000000e-02 1.250000000000000000e-01 0.000000000000000000e+00
7.812500000000000000e-02 3.125000000000000000e-02 3.125000000000000000e-02 2.031250000000000000e-01 6.250000000000000000e-02 0.000000000000000000e+00 0.000000000000000000e+00 1.562500000000000000e-02 0.000000000000000000e+00 4.687500000000000000e-02 0.000000000000000000e+00 0.000000000000000000e+00 1.093750000000000000e-01 9.375000000000000000e-02 6.250000000000000000e-02 0.000000000000000000e+00 0.000000000000000000e+00 0.000000000000000000e+00 3.125000000000000000e-02 0.000000000000000000e+00 0.000000000000000000e+00 0.000000000000000000e+00 6.250000000000000000e-02 0.000000000000000000e+00 0.000000000000000000e+00 1.718750000000000000e-01 0.000000000000000000e+00 0.000000000000000000e+00 0.000000000000000000e+00 0.000000000000000000e+00 0.000000000000000000e+00 0.000000000000000000e+00
0.000000000000000000e+00 0.000000000000000000e+00 4.687500000000000000e-02 0.000000000000000000e+00 1.562500000000000000e-01 0.000000000000000000e+00 0.000000000000000000e+00 9.375000000000000000e-02 6.250000000000000000e-02 0.000000000000000000e+00 6.250000000000000000e-02 0.000000000000000000e+00 9.375000000000000000e-02 0.000000000000000000e+00 0.000000000000000000e+00 0.000000000000000000e+00 0.000000000000000000e+00 0.000000000000000000e+00 0.000000000000000000e+00 0.000000000000000000e+00 0.000000000000000000e+00 0.000000000000000000e+00 1.562500000000000000e-02 2.031250000000000000e-01 1.718750000000000000e-01 0.000000000000000000e+00 0.000000000000000000e+00 3.125000000000000000e-02 1.562500000000000000e-02 0.000000000000000000e+00 4.687500000000000000e-02 0.000000000000000000e+00
0.000000000000000000e+00 0.000000000000000000e+00 0.000000000000000000e+00 0.000000000000000000e+00 3.125000000000000000e-02 0.000000000000000000e+00 0.000000000000000000e+00 4.687500000000000000e-02 0.000000000000000000e+00 0.000000000000000000e+00 1.250000000000000000e-01 0.000000000000000000e+00 0.000000000000000000e+00 0.000000000000000000e+00 0.000000000000000000e+00 0.000000000000000000e+00 0.000000000000000000e+00 0.000000000000000000e+00 0.000000000000000000e+00 0.000000000000000000e+00 1.250000000000000000e-01 0.000000000000000000e+00 0.000000000000000000e+00 0.000000000000000000e+00 0.000000000000000000e+00 0.000000000000000000e+00 0.000000000000000000e+00 0.000000000000000000e+00 0.000000000000000000e+00 0.000000000000000000e+00 6.718750000000000000e-01 0.000000000000000000e+00
6.651243493348756031e-02 4.337767495662232797e-03 2.660497397339502482e-02 3.990746096009253896e-02 1.020821283979178734e-01 8.097165991902834092e-03 6.651243493348756204e-03 7.547715442452285206e-02 0.000000000000000000e+00 6.477732793522267274e-02 0.000000000000000000e+00 2.313475997686523841e-03 7.171775592828225077e-02 5.783689994216310165e-02 4.048582995951417046e-02 2.053209947946790098e-02 1.532677848467322093e-02 0.000000000000000000e+00 1.792943898207056269e-02 5.205320994794679183e-03 2.891844997108154801e-04 8.473105841526894222e-02 0.000000000000000000e+00 0.000000000000000000e+00 0.000000000000000000e+00 1.032388663967611364e-01 9.976865240023134740e-02 1.966454598033545373e-02 4.337767495662232797e-03 2.602660497397339592e-03 1.619433198380566818e-02 4.337767495662232797e-02
2.812500000000000000e-01 0.000000000000000000e+00 1.562500000000000000e-02 0.000000000000000000e+00 2.187500000000000000e-01 1.562500000000000000e-02 0.000000000000000000e+00 1.093750000000000000e-01 0.000000000000000000e+00 1.406250000000000000e-01 6.250000000000000000e-02 0.000000000000000000e+00 0.000000000000000000e+00 0.000000000000000000e+00 4.687500000000000000e-02 0.000000000000000000e+00 0.000000000000000000e+00 0.000000000000000000e+00 0.000000000000000000e+00 0.000000000000000000e+00 0.000000000000000000e+00 0.000000000000000000e+00 0.000000000000000000e+00 0.000000000000000000e+00 0.000000000000000000e+00 0.000000000000000000e+00 0.000000000000000000e+00 1.562500000000000000e-02 0.000000000000000000e+00 0.000000000000000000e+00 9.375000000000000000e-02 0.000000000000000000e+00
1.406250000000000000e-01 0.000000000000000000e+00 3.125000000000000000e-02 0.000000000000000000e+00 7.812500000000000000e-02 0.000000000000000000e+00 0.000000000000000000e+00 3.125000000000000000e-02 1.562500000000000000e-02 1.250000000000000000e-01 1.875000000000000000e-01 0.000000000000000000e+00 0.000000000000000000e+00 0.000000000000000000e+00 7.812500000000000000e-02 0.000000000000000000e+00 4.687500000000000000e-02 0.000000000000000000e+00 0.000000000000000000e+00 6.250000000000000000e-02 0.000000000000000000e+00 1.562500000000000000e-02 0.000000000000000000e+00 0.000000000000000000e+00 0.000000000000000000e+00 6.250000000000000000e-02 6.250000000000000000e-02 3.125000000000000000e-02 0.000000000000000000e+00 0.000000000000000000e+00 3.125000000000000000e-02 0.000000000000000000e+00
4.687500000000000000e-02 1.562500000000000000e-02 1.562500000000000000e-02 0.000000000000000000e+00 1.406250000000000000e-01 7.812500000000000000e-02 1.562500000000000000e-02 0.000000000000000000e+00 3.125000000000000000e-02 0.000000000000000000e+00 0.000000000000000000e+00 0.000000000000000000e+00 0.000000000000000000e+00 0.000000000000000000e+00 1.562500000000000000e-02 1.562500000000000000e-02 1.562500000000000000e-02 0.000000000000000000e+00 6.250000000000000000e-02 0.000000000000000000e+00 0.000000000000000000e+00 7.812500000000000000e-02 6.250000000000000000e-02 1.562500000000000000e-02 0.000000000000000000e+00 0.000000000000000000e+00 6.250000000000000000e-02 3.125000000000000000e-02 0.000000000000000000e+00 0.000000000000000000e+00 1.406250000000000000e-01 1.562500000000000000e-01
9.994907053730582580e-02 1.527883880825057269e-03 2.584670231729055412e-02 7.639419404125286778e-03 1.298701298701298787e-02 6.620830150241914513e-02 7.957728545963839439e-02 0.000000000000000000e+00 8.658008658008658001e-03 6.799083269671504781e-02 2.025719378660555126e-01 6.977336389101095049e-02 2.088107970460911789e-02 7.639419404125286344e-04 1.909854851031321521e-02 5.322128851540616074e-02 1.031321619556913732e-02 0.000000000000000000e+00 0.000000000000000000e+00 1.273236567354214300e-04 1.044053985230455894e-02 1.021135727018080003e-01 0.000000000000000000e+00 3.641456582633053468e-02 2.546473134708428601e-04 4.265342500636618017e-02 1.476954418130888708e-02 0.000000000000000000e+00 0.000000000000000000e+00 7.639419404125286344e-04 4.710975299210592993e-03 4.074357015533486281e-02
1.562500000000000000e-02 0.000000000000000000e+00 0.000000000000000000e+00 0.000000000000000000e+00 3.593750000000000000e-01 3.125000000000000000e-02 3.906250000000000000e-01 0.000000000000000000e+00 0.000000000000000000e+00 0.000000000000000000e+00 0.000000000000000000e+00 4.687500000000000000e-02 0.000000000000000000e+00 0.000000000000000000e+00 1.250000000000000000e-01 0.000000000000000000e+00 0.000000000000000000e+00 0.000000000000000000e+00 0.000000000000000000e+00 0.000000000000000000e+00 0.000000000000000000e+00 3.125000000000000000e-02 0.000000000000000000e+00 0.000000000000000000e+00 0.000000000000000000e+00 0.000000000000000000e+00 0.000000000000000000e+00 0.000000000000000000e+00 0.000000000000000000e+00 0.000000000000000000e+00 0.000000000000000000e+00 0.000000000000000000e+00
0.000000000000000000e+00 0.000000000000000000e+00 3.125000000000000000e-02 0.000000000000000000e+00 1.093750000000000000e-01 3.125000000000000000e-02 0.000000000000000000e+00 7.812500000000000000e-02 1.562500000000000000e-02 0.000000000000000000e+00 0.000000000000000000e+00 0.000000000000000000e+00 0.000000000000000000e+00 0.000000000000000000e+00 0.000000000000000000e+00 1.562500000000000000e-02 0.000000000000000000e+00 0.000000000000000000e+00 0.000000000000000000e+00 0.000000000000000000e+00 0.000000000000000000e+00 1.562500000000000000e-02 2.343750000000000000e-01 0.000000000000000000e+00 9.375000000000000000e-02 0.000000000000000000e+00 0.000000000000000000e+00 1.250000000000000000e-01 9.375000000000000000e-02 0.000000000000000000e+00 1.562500000000000000e-01 0.000000000000000000e+00
2.052631578947368418e-02 9.684210526315789602e-02 1.473684210526315756e-02 2.121052631578947412e-01 3.473684210526315624e-02 1.105263157894736809e-01 1.684210526315789436e-02 2.105263157894736795e-03 0.000000000000000000e+00 1.210526315789473700e-02 2.105263157894736795e-03 2.210526315789473548e-02 2.736842105263158006e-02 1.315789473684210453e-02 1.842105263157894565e-02 8.999999999999999667e-02 6.315789473684210384e-03 1.052631578947368397e-02 5.684210526315789519e-02 1.421052631578947380e-02 4.736842105263158222e-03 3.368421052631578871e-02 0.000000000000000000e+00 0.000000000000000000e+00 0.000000000000000000e+00 8.947368421052630943e-03 4.947368421052631554e-02 1.421052631578947380e-02 5.263157894736841987e-04 2.000000000000000042e-02 7.894736842105263414e-03 7.894736842105262720e-02
1.406250000000000000e-01 4.687500000000000000e-02 0.000000000000000000e+00 0.000000000000000000e+00 1.250000000000000000e-01 3.125000000000000000e-02 0.000000000000000000e+00 0.000000000000000000e+00 6.250000000000000000e-02 4.687500000000000000e-02 3.125000000000000000e-02 0.000000000000000000e+00 4.687500000000000000e-02 4.687500000000000000e-02 0.000000000000000000e+00 0.000000000000000000e+00 0.000000000000000000e+00 3.125000000000000000e-02 1.093750000000000000e-01 0.000000000000000000e+00 0.000000000000000000e+00 1.562500000000000000e-02 6.250000000000000000e-02 6.250000000000000000e-02 6.250000000000000000e-02 3.125000000000000000e-02 0.000000000000000000e+00 0.000000000000000000e+00 0.000000000000000000e+00 1.562500000000000000e-02 3.125000000000000000e-02 0.000000000000000000e+00
1.562500000000000000e-02 0.000000000000000000e+00 3.125000000000000000e-02 2.343750000000000000e-01 1.718750000000000000e-01 0.000000000000000000e+00 0.000000000000000000e+00 7.812500000000000000e-02 1.562500000000000000e-02 0.000000000000000000e+00 0.000000000000000000e+00 0.000000000000000000e+00 0.000000000000000000e+00 0.000000000000000000e+00 6.250000000000000000e-02 0.000000000000000000e+00 1.562500000000000000e-02 0.000000000000000000e+00 0.000000000000000000e+00 0.000000000000000000e+00 6.250000000000000000e-02 0.000000000000000000e+00 1.406250000000000000e-01 0.000000000000000000e+00 0.000000000000000000e+00 0.000000000000000000e+00 3.125000000000000000e-02 3.125000000000000000e-02 4.687500000000000000e-02 0.000000000000000000e+00 3.125000000000000000e-02 3.125000000000000000e-02
4.687500000000000000e-02 9.375000000000000000e-02 3.125000000000000000e-02 4.687500000000000000e-02 0.000000000000000000e+00 0.000000000000000000e+00 0.000000000000000000e+00 1.406250000000000000e-01 4.687500000000000000e-02 1.562500000000000000e-01 0.000000000000000000e+00 0.000000000000000000e+00 0.000000000000000000e+00 3.125000000000000000e-02 1.250000000000000000e-01 0.000000000000000000e+00 0.000000000000000000e+00 0.000000000000000000e+00 0.000000000000000000e+00 1.562500000000000000e-02 1.562500000000000000e-02 0.000000000000000000e+00 0.000000000000000000e+00 0.000000000000000000e+00 0.000000000000000000e+00 3.125000000000000000e-02 0.000000000000000000e+00 6.250000000000000000e-02 1.093750000000000000e-01 3.125000000000000000e-02 1.562500000000000000e-02 0.000000000000000000e+00
1.562500000000000000e-01 0.000000000000000000e+00 1.093750000000000000e-01 4.687500000000000000e-02 3.125000000000000000e-02 0.000000000000000000e+00 0.000000000000000000e+00 1.562500000000000000e-02 0.000000000000000000e+00 1.562500000000000000e-02 0.000000000000000000e+00 0.000000000000000000e+00 0.000000000000000000e+00 0.000000000000000000e+00 1.562500000000000000e-01 0.000000000000000000e+00 1.718750000000000000e-01 0.000000000000000000e+00 0.000000000000000000e+00 0.000000000000000000e+00 0.000000000000000000e+00 7.812500000000000000e-02 0.000000000000000000e+00 0.000000000000000000e+00 0.000000000000000000e+00 0.000000000000000000e+00 1.718750000000000000e-01 0.000000000000000000e+00 0.000000000000000000e+00 0.000000000000000000e+00 4.687500000000000000e-02 0.000000000000000000e+00
9.375000000000000000e-02 1.250000000000000000e-01 7.812500000000000000e-02 3.125000000000000000e-02 4.687500000000000000e-02 0.000000000000000000e+00 0.000000000000000000e+00 0.000000000000000000e+00 3.125000000000000000e-02 6.250000000000000000e-02 0.000000000000000000e+00 0.000000000000000000e+00 0.000000000000000000e+00 0.000000000000000000e+00 4.687500000000000000e-02 4.687500000000000000e-02 0.000000000000000000e+00 0.000000000000000000e+00 0.000000000000000000e+00 7.812500000000000000e-02 1.250000000000000000e-01 4.687500000000000000e-02 3.125000000000000000e-02 0.000000000000000000e+00 0.000000000000000000e+00 6.250000000000000000e-02 9.375000000000000000e-02 0.000000000000000000e+00 0.000000000000000000e+00 0.000000000000000000e+00 0.000000000000000000e+00 0.000000000000000000e+00
1.064049586776859568e-01 0.000000000000000000e+00 4.476584022038567617e-03 0.000000000000000000e+00 1.153581267217630851e-01 1.515151515151515194e-02 1.033057851239669450e-02 1.205234159779614359e-02 1.377410468319559267e-03 2.134986225895316864e-02 5.853994490358126884e-02 1.377410468319559267e-03 2.100550964187327882e-02 0.000000000000000000e+00 3.787878787878787984e-03 6.267217630853993970e-02 4.958677685950413361e-02 4.820936639118457434e-03 1.446280991735537230e-02 5.509641873278237068e-03 1.033057851239669450e-03 1.146694214876033124e-01 5.544077134986225702e-02 8.264462809917355601e-02 9.745179063360881466e-02 0.000000000000000000e+00 4.097796143250688472e-02 1.239669421487603340e-02 2.066115702479338900e-03 6.887052341597796334e-04 7.300275482093664114e-02 1.136363636363636395e-02
3.421052631578947595e-02 0.000000000000000000e+00 2.631578947368420993e-03 5.263157894736841813e-02 3.947368421052631360e-02 1.578947368421052596e-03 0.000000000000000000e+00 8.210526315789473673e-02 1.052631578947368397e-03 1.210526315789473700e-02 8.315789473684211119e-02 1.736842105263157812e-02 2.421052631578947401e-02 5.263157894736841987e-04 5.789473684210526272e-02 6.315789473684210384e-03 1.526315789473684133e-02 5.263157894736841987e-04 1.052631578947368397e-03 0.000000000000000000e+00 8.684210526315790102e-02 6.315789473684210384e-03 6.842105263157895016e-03 1.631578947368421059e-02 5.526315789473684043e-02 1.052631578947368397e-03 1.947368421052631665e-02 9.947368421052631138e-02 2.273684210526315808e-01 1.578947368421052596e-03 3.157894736842105365e-02 1.578947368421052683e-02
2.734375000000000000e-02 0.000000000000000000e+00 1.302083333333333261e-03 3.203125000000000000e-01 8.072916666666667129e-02 0.000000000000000000e+00 0.000000000000000000e+00 1.393229166666666574e-01 0.000000000000000000e+00 1.171875000000000000e-02 0.000000000000000000e+00 1.692708333333333218e-02 8.854166666666667129e-02 0.000000000000000000e+00 3.255208333333333565e-02 3.906250000000000000e-03 0.000000000000000000e+00 0.000000000000000000e+00 0.000000000000000000e+00 0.000000000000000000e+00 7.812500000000000000e-03 1.432291666666666609e-02 1.171875000000000000e-02 4.687500000000000000e-02 0.000000000000000000e+00 0.000000000000000000e+00 3.645833333333333565e-02 3.385416666666666435e-02 5.468750000000000000e-02 0.000000000000000000e+00 5.859375000000000000e-02 1.302083333333333391e-02
6.250000000000000000e-02 0.000000000000000000e+00 3.125000000000000000e-02 0.000000000000000000e+00 6.250000000000000000e-02 0.000000000000000000e+00 0.000000000000000000e+00 0.000000000000000000e+00 0.000000000000000000e+00 1.562500000000000000e-02 2.343750000000000000e-01 0.000000000000000000e+00 0.000000000000000000e+00 0.000000000000000000e+00 4.687500000000000000e-02 0.000000000000000000e+00 3.125000000000000000e-02 0.000000000000000000e+00 0.000000000000000000e+00 0.000000000000000000e+00 7.812500000000000000e-02 3.125000000000000000e-02 1.562500000000000000e-02 4.687500000000000000e-02 0.000000000000000000e+00 0.000000000000000000e+00 1.562500000000000000e-02 0.000000000000000000e+00 0.000000000000000000e+00 0.000000000000000000e+00 3.281250000000000000e-01 0.000000000000000000e+00
9.114583333333332871e-02 1.302083333333333261e-03 1.041666666666666609e-02 6.510416666666666305e-04 3.743489583333333565e-02 1.009114583333333391e-02 3.255208333333333478e-03 8.984375000000000000e-02 8.463541666666666088e-03 1.738281250000000000e-01 0.000000000000000000e+00 3.255208333333333565e-02 2.604166666666666782e-02 5.533854166666666956e-03 4.003906250000000000e-02 1.302083333333333261e-03 9.765625000000000000e-04 1.399739583333333391e-02 6.282552083333332871e-02 1.953125000000000000e-03 5.533854166666666956e-03 7.486979166666666956e-03 6.477864583333332871e-02 0.000000000000000000e+00 0.000000000000000000e+00 6.640625000000000000e-02 6.510416666666666956e-03 1.272786458333333426e-01 6.119791666666666435e-02 9.765625000000000000e-04 9.765625000000000000e-04 4.720052083333333565e-02
5.000000000000000278e-02 0.000000000000000000e+00 3.749999999999999861e-02 0.000000000000000000e+00 1.125000000000000028e-01 0.000000000000000000e+00 0.000000000000000000e+00 3.749999999999999861e-02 0.000000000000000000e+00 5.000000000000000278e-02 2.500000000000000139e-02 0.000000000000000000e+00 7.499999999999999722e-02 0.000000000000000000e+00 0.000000000000000000e+00 0.000000000000000000e+00 1.250000000000000069e-02 1.250000000000000069e-02 6.250000000000000000e-02 0.000000000000000000e+00 0.000000000000000000e+00 6.250000000000000000e-02 0.000000000000000000e+00 0.000000000000000000e+00 0.000000000000000000e+00 4.000000000000000222e-01 0.000000000000000000e+00 2.500000000000000139e-02 0.000000000000000000e+00 0.000000000000000000e+00 0.000000000000000000e+00 3.749999999999999861e-02
6.250000000000000000e-02 6.250000000000000000e-02 9.375000000000000000e-02 6.250000000000000000e-02 1.250000000000000000e-01 0.000000000000000000e+00 0.000000000000000000e+00 3.125000000000000000e-02 1.562500000000000000e-02 6.250000000000000000e-02 0.000000000000000000e+00 0.000000000000000000e+00 0.000000000000000000e+00 0.000000000000000000e+00 6.250000000000000000e-02 3.125000000000000000e-02 9.375000000000000000e-02 0.000000000000000000e+00 0.000000000000000000e+00 0.000000000000000000e+00 1.093750000000000000e-01 3.125000000000000000e-02 0.000000000000000000e+00 0.000000000000000000e+00 0.000000000000000000e+00 0.000000000000000000e+00 9.375000000000000000e-02 4.687500000000000000e-02 0.000000000000000000e+00 0.000000000000000000e+00 1.562500000000000000e-02 0.000000000000000000e+00
3.749999999999999861e-02 0.000000000000000000e+00 9.166666666666666713e-03 1.766666666666666663e-01 2.483333333333333226e-01 0.000000000000000000e+00 0.000000000000000000e+00 1.000000000000000056e-01 8.333333333333333868e-04 2.166666666666666741e-02 0.000000000000000000e+00 2.833333333333333190e-02 2.000000000000000042e-02 0.000000000000000000e+00 5.083333333333333454e-02 1.416666666666666595e-02 5.833333333333333599e-03 0.000000000000000000e+00 0.000000000000000000e+00 0.000000000000000000e+00 1.499999999999999944e-02 2.000000000000000042e-02 0.000000000000000000e+00 1.666666666666666774e-03 0.000000000000000000e+00 2.500000000000000052e-03 7.833333333333333814e-02 6.833333333333332926e-02 3.416666666666666463e-02 2.500000000000000052e-03 4.416666666666666657e-02 2.000000000000000042e-02
0.000000000000000000e+00 0.000000000000000000e+00 0.000000000000000000e+00 0.000000000000000000e+00 7.812500000000000000e-02 0.000000000000000000e+00 0.000000000000000000e+00 7.812500000000000000e-02 0.000000000000000000e+00 0.000000000000000000e+00 4.687500000000000000e-02 7.812500000000000000e-02 1.562500000000000000e-02 0.000000000000000000e+00 1.562500000000000000e-02 1.562500000000000000e-02 6.250000000000000000e-02 0.000000000000000000e+00 0.000000000000000000e+00 0.000000000000000000e+00 9.375000000000000000e-02 2.812500000000000000e-01 0.000000000000000000e+00 0.000000000000000000e+00 0.000000000000000000e+00 3.125000000000000000e-02 3.125000000000000000e-02 1.562500000000000000e-02 0.000000000000000000e+00 0.000000000000000000e+00 1.406250000000000000e-01 1.562500000000000000e-02
1.250000000000000000e-01 0.000000000000000000e+00 9.375000000000000000e-02 0.000000000000000000e+00 1.406250000000000000e-01 0.000000000000000000e+00 0.000000000000000000e+00 0.000000000000000000e+00 0.000000000000000000e+00 4.687500000000000000e-02 0.000000000000000000e+00 0.000000000000000000e+00 1.562500000000000000e-02 0.000000000000000000e+00 1.562500000000000000e-02 0.000000000000000000e+00 6.250000000000000000e-02 0.000000000000000000e+00 0.000000000000000000e+00 0.000000000000000000e+00 0.000000000000000000e+00 7.812500000000000000e-02 0.000000000000000000e+00 0.000000000000000000e+00 0.000000000000000000e+00 2.656250000000000000e-01 1.250000000000000000e-01 0.000000000000000000e+00 0.000000000000000000e+00 0.000000000000000000e+00 0.000000000000000000e+00 3.125000000000000000e-02
3.333333333333333547e-03 0.000000000000000000e+00 1.666666666666666644e-02 0.000000000000000000e+00 5.000000000000000278e-02 3.333333333333333547e-03 0.000000000000000000e+00 0.000000000000000000e+00 2.333333333333333440e-02 3.333333333333333547e-03 2.533333333333333548e-01 1.000000000000000021e-02 0.000000000000000000e+00 0.000000000000000000e+00 0.000000000000000000e+00 0.000000000000000000e+00 4.000000000000000083e-02 0.000000000000000000e+00 1.233333333333333365e-01 5.000000000000000278e-02 0.000000000000000000e+00 0.000000000000000000e+00 1.766666666666666663e-01 2.999999999999999889e-02 0.000000000000000000e+00 0.000000000000000000e+00 6.666666666666667095e-03 6.666666666666667095e-03 0.000000000000000000e+00 4.666666666666666879e-02 1.333333333333333315e-01 2.333333333333333440e-02
6.250000000000000000e-02 0.000000000000000000e+00 0.000000000000000000e+00 0.000000000000000000e+00 3.125000000000000000e-01 1.562500000000000000e-02 6.250000000000000000e-02 0.000000000000000000e+00 0.000000000000000000e+00 1.406250000000000000e-01 0.000000000000000000e+00 9.375000000000000000e-02 0.000000000000000000e+00 0.000000000000000000e+00 0.000000000000000000e+00 1.562500000000000000e-02 0.000000000000000000e+00 0.000000000000000000e+00 1.093750000000000000e-01 3.125000000000000000e-02 0.000000000000000000e+00 3.125000000000000000e-02 0.000000000000000000e+00 0.000000000000000000e+00 0.000000000000000000e+00 0.000000000000000000e+00 0.000000000000000000e+00 0.000000000000000000e+00 0.000000000000000000e+00 0.000000000000000000e+00 4.687500000000000000e-02 7.812500000000000000e-02
4.687500000000000000e-02 0.000000000000000000e+00 1.562500000000000000e-02 0.000000000000000000e+00 1.250000000000000000e-01 0.000000000000000000e+00 0.000000000000000000e+00 9.375000000000000000e-02 0.000000000000000000e+00 9.375000000000000000e-02 1.562500000000000000e-02 6.250000000000000000e-02 1.562500000000000000e-02 0.000000000000000000e+00 1.875000000000000000e-01 0.000000000000000000e+00 0.000000000000000000e+00 0.000000000000000000e+00 0.000000000000000000e+00 0.000000000000000000e+00 0.000000000000000000e+00 0.000000000000000000e+00 0.000000000000000000e+00 1.562500000000000000e-01 1.562500000000000000e-02 0.000000000000000000e+00 0.000000000000000000e+00 0.000000000000000000e+00 0.000000000000000000e+00 1.562500000000000000e-02 6.250000000000000000e-02 9.375000000000000000e-02
1.250000000000000000e-01 0.000000000000000000e+00 1.562500000000000000e-02 0.000000000000000000e+00 9.375000000000000000e-02 0.000000000000000000e+00 0.000000000000000000e+00 0.000000000000000000e+00 3.125000000000000000e-02 2.031250000000000000e-01 0.000000000000000000e+00 0.000000000000000000e+00 6.250000000000000000e-02 0.000000000000000000e+00 0.000000000000000000e+00 0.000000000000000000e+00 0.000000000000000000e+00 0.000000000000000000e+00 0.000000000000000000e+00 0.000000000000000000e+00 0.000000000000000000e+00 3.125000000000000000e-02 2.031250000000000000e-01 0.000000000000000000e+00 0.000000000000000000e+00 0.000000000000000000e+00 9.375000000000000000e-02 0.000000000000000000e+00 0.000000000000000000e+00 0.000000000000000000e+00 1.406250000000000000e-01 0.000000000000000000e+00
1.575520833333333426e-01 6.510416666666666956e-03 0.000000000000000000e+00 0.000000000000000000e+00 2.083333333333333218e-02 3.776041666666666435e-02 1.184895833333333287e-01 7.812500000000000000e-03 0.000000000000000000e+00 5.208333333333333044e-03 0.000000000000000000e+00 1.302083333333333391e-02 1.171875000000000000e-01 0.000000000000000000e+00 4.166666666666666435e-02 2.604166666666666522e-03 0.000000000000000000e+00 1.210937500000000000e-01 6.119791666666666435e-02 0.000000000000000000e+00 0.000000000000000000e+00 9.244791666666667129e-02 0.000000000000000000e+00 0.000000000000000000e+00 0.000000000000000000e+00 0.000000000000000000e+00 2.604166666666666782e-02 1.302083333333333391e-02 5.729166666666666435e-02 0.000000000000000000e+00 0.000000000000000000e+00 1.002604166666666713e-01
8.785332314744079621e-03 2.508276037687802440e-02 1.998981410746116655e-02 0.000000000000000000e+00 5.092946269416857852e-02 4.583651642475172067e-02 1.145912910618793017e-02 7.894066717596130017e-03 1.145912910618793060e-03 4.838298955946014612e-03 2.317290552584670357e-02 2.610134963076139389e-02 1.145912910618793017e-02 2.928444104914693352e-03 2.037178507766742881e-03 2.164502164502164500e-03 4.074357015533485761e-03 1.273236567354214300e-04 1.892029539088362633e-01 1.049146931499872620e-01 1.655207537560478837e-01 3.488668194550547524e-02 1.273236567354214300e-04 5.092946269416857201e-04 0.000000000000000000e+00 1.452762923351158530e-01 7.512095747389865158e-03 3.959765724471606824e-02 1.362363127069009423e-02 2.953908836261777415e-02 2.546473134708428601e-04 2.100840336134453951e-02
6.250000000000000000e-02 0.000000000000000000e+00 0.000000000000000000e+00 0.000000000000000000e+00 2.500000000000000000e-01 0.000000000000000000e+00 0.000000000000000000e+00 3.125000000000000000e-02 0.000000000000000000e+00 1.562500000000000000e-02 0.000000000000000000e+00 0.000000000000000000e+00 0.000000000000000000e+00 0.000000000000000000e+00 1.093750000000000000e-01 0.000000000000000000e+00 0.000000000000000000e+00 1.875000000000000000e-01 0.000000000000000000e+00 0.000000000000000000e+00 0.000000000000000000e+00 3.125000000000000000e-01 0.000000000000000000e+00 0.000000000000000000e+00 0.000000000000000000e+00 0.000000000000000000e+00 0.000000000000000000e+00 1.562500000000000000e-02 1.562500000000000000e-02 0.000000000000000000e+00 0.000000000000000000e+00 0.000000000000000000e+00
1.061007957559681643e-02 1.149425287356321823e-01 0.000000000000000000e+00 0.000000000000000000e+00 3.978779840848806204e-02 2.564102564102564014e-02 0.000000000000000000e+00 1.945181255526083272e-02 6.631299734748011265e-02 1.945181255526083272e-02 0.000000000000000000e+00 1.679929266136162558e-02 0.000000000000000000e+00 5.305039787798408735e-02 4.420866489832007279e-03 8.841732979664013690e-04 5.570291777188329102e-02 0.000000000000000000e+00 1.679929266136162558e-02 4.067197170645446558e-02 0.000000000000000000e+00 1.768346595932802738e-03 3.183023872679045102e-02 3.536693191865605476e-03 0.000000000000000000e+00 3.448275862068965469e-02 1.149425287356321823e-02 3.536693191865605476e-03 0.000000000000000000e+00 5.393457117595048395e-02 3.289124668435013388e-01 4.597701149425287293e-02
1.250000000000000069e-02 0.000000000000000000e+00 0.000000000000000000e+00 0.000000000000000000e+00 2.500000000000000000e-01 1.250000000000000069e-02 0.000000000000000000e+00 1.875000000000000000e-01 0.000000000000000000e+00 1.125000000000000028e-01 0.000000000000000000e+00 2.500000000000000139e-02 0.000000000000000000e+00 0.000000000000000000e+00 7.499999999999999722e-02 7.499999999999999722e-02 0.000000000000000000e+00 0.000000000000000000e+00 1.250000000000000069e-02 0.000000000000000000e+00 0.000000000000000000e+00 1.250000000000000000e-01 0.000000000000000000e+00 0.000000000000000000e+00 0.000000000000000000e+00 0.000000000000000000e+00 1.250000000000000069e-02 1.250000000000000069e-02 0.000000000000000000e+00 0.000000000000000000e+00 1.250000000000000069e-02 7.499999999999999722e-02
1.562500000000000000e-02 0.000000000000000000e+00 0.000000000000000000e+00 1.562500000000000000e-02 6.250000000000000000e-02 1.562500000000000000e-02 0.000000000000000000e+00 0.000000000000000000e+00 0.000000000000000000e+00 0.000000000000000000e+00 0.000000000000000000e+00 7.812500000000000000e-02 0.000000000000000000e+00 0.000000000000000000e+00 1.250000000000000000e-01 4.687500000000000000e-02 0.000000000000000000e+00 1.562500000000000000e-02 3.125000000000000000e-02 0.000000000000000000e+00 2.343750000000000000e-01 3.125000000000000000e-02 0.000000000000000000e+00 0.000000000000000000e+00 0.000000000000000000e+00 7.812500000000000000e-02 1.562500000000000000e-02 0.000000000000000000e+00 0.000000000000000000e+00 0.000000000000000000e+00 0.000000000000000000e+00 2.343750000000000000e-01
7.812500000000000000e-02 0.000000000000000000e+00 0.000000000000000000e+00 1.250000000000000000e-01 4.687500000000000000e-02 0.000000000000000000e+00 0.000000000000000000e+00 1.250000000000000000e-01 0.000000000000000000e+00 1.093750000000000000e-01 0.000000000000000000e+00 4.687500000000000000e-02 7.812500000000000000e-02 0.000000000000000000e+00 4.687500000000000000e-02 0.000000000000000000e+00 0.000000000000000000e+00 0.000000000000000000e+00 0.000000000000000000e+00 0.000000000000000000e+00 0.000000000000000000e+00 0.000000000000000000e+00 0.000000000000000000e+00 0.000000000000000000e+00 0.000000000000000000e+00 3.125000000000000000e-02 1.250000000000000000e-01 6.250000000000000000e-02 9.375000000000000000e-02 0.000000000000000000e+00 1.562500000000000000e-02 1.562500000000000000e-02
