2.542694497153700356e-02 6.698292220113852280e-02 4.857685009487665989e-02 3.795066413662239054e-04 2.656546489563567284e-03 6.451612903225806446e-03 1.328273244781783642e-03 6.451612903225806446e-03 7.590132827324478108e-04 2.846299810246679263e-03 0.000000000000000000e+00 1.193548387096774188e-01 1.612903225806451568e-02 3.170777988614800758e-01 8.728652751423149336e-03 2.072106261859582577e-01 6.072106261859582486e-03 1.328273244781783642e-03 0.000000000000000000e+00 0.000000000000000000e+00 0.000000000000000000e+00 1.954459203036052958e-02 0.000000000000000000e+00 0.000000000000000000e+00 0.000000000000000000e+00 0.000000000000000000e+00 4.838709677419354704e-02 2.277039848197343324e-03 3.795066413662239054e-04 0.000000000000000000e+00 7.969639468690701417e-03 8.368121442125237008e-02
7.812500000000000000e-02 0.000000000000000000e+00 0.000000000000000000e+00 0.000000000000000000e+00 4.687500000000000000e-02 0.000000000000000000e+00 0.000000000000000000e+00 0.000000000000000000e+00 0.000000000000000000e+00 6.250000000000000000e-02 0.000000000000000000e+00 0.000000000000000000e+00 9.375000000000000000e-02 0.000000000000000000e+00 3.125000000000000000e-02 0.000000000000000000e+00 3.125000000000000000e-02 0.000000000000000000e+00 0.000000000000000000e+00 4.375000000000000000e-01 0.000000000000000000e+00 1.562500000000000000e-02 0.000000000000000000e+00 1.406250000000000000e-01 0.000000000000000000e+00 0.000000000000000000e+00 3.125000000000000000e-02 0.000000000000000000e+00 0.000000000000000000e+00 0.000000000000000000e+00 3.125000000000000000e-02 0.000000000000000000e+00
4.687500000000000000e-02 0.000000000000000000e+00 0.000000000000000000e+00 0.000000000000000000e+00 9.375000000000000000e-02 3.125000000000000000e-02 0.000000000000000000e+00 1.562500000000000000e-02 0.000000000000000000e+00 4.687500000000000000e-02 0.000000000000000000e+00 1.562500000000000000e-02 4.687500000000000000e-02 2.031250000000000000e-01 0.000000000000000000e+00 0.000000000000000000e+00 0.000000000000000000e+00 0.000000000000000000e+00 3.125000000000000000e-02 4.687500000000000000e-02 0.000000000000000000e+00 9.375000000000000000e-02 0.000000000000000000e+00 0.000000000000000000e+00 0.000000000000000000e+00 1.093750000000000000e-01 1.562500000000000000e-01 1.562500000000000000e-02 0.000000000000000000e+00 0.000000000000000000e+00 0.000000000000000000e+00 4.687500000000000000e-02
5.208333333333333565e-02 4.166666666666666435e-02 0.000000000000000000e+00 0.000000000000000000e+00 1.770833333333333426e-01 0.000000000000000000e+00 0.000000000000000000e+00 2.291666666666666574e-01 0.000000000000000000e+00 1.041666666666666609e-02 0.000000000000000000e+00 0.000000000000000000e+00 1.041666666666666609e-02 2.083333333333333218e-02 0.000000000000000000e+00 0.000000000000000000e+00 0.000000000000000000e+00 0.000000000000000000e+00 2.083333333333333218e-02 5.208333333333333565e-02 0.000000000000000000e+00 3.125000000000000000e-02 0.000000000000000000e+00 1.250000000000000000e-01 0.000000000000000000e+00 0.000000000000000000e+00 0.000000000000000000e+00 5.208333333333333565e-02 2.083333333333333218e-02 1.145833333333333287e-01 0.000000000000000000e+00 4.166666666666666435e-02
1.093750000000000000e-01 0.000000000000000000e+00 0.000000000000000000e+00 0.000000000000000000e+00 9.375000000000000000e-02 0.000000000000000000e+00 0.000000000000000000e+00 6.250000000000000000e-02 0.000000000000000000e+00 3.125000000000000000e-02 0.000000000000000000e+00 0.000000000000000000e+00 3.125000000000000000e-02 0.000000000000000000e+00 6.250000000000000000e-02 3.125000000000000000e-02 0.000000000000000000e+00 0.000000000000000000e+00 0.000000000000000000e+00 1.562500000000000000e-02 0.000000000000000000e+00 0.000000000000000000e+00 0.000000000000000000e+00 0.000000000000000000e+00 0.000000000000000000e+00 0.000000000000000000e+00 6.250000000000000000e-02 9.375000000000000000e-02 6.250000000000000000e-02 3.281250000000000000e-01 1.562500000000000000e-02 0.000000000000000000e+00
7.291666666666667129e-02 0.000000000000000000e+00 0.000000000000000000e+00 0.000000000000000000e+00 1.041666666666666713e-01 3.125000000000000000e-02 3.125000000000000000e-02 1.041666666666666609e-02 2.083333333333333218e-02 0.000000000000000000e+00 0.000000000000000000e+00 0.000000000000000000e+00 0.000000000000000000e+00 0.000000000000000000e+00 0.000000000000000000e+00 0.000000000000000000e+00 0.000000000000000000e+00 0.000000000000000000e+00 8.333333333333332871e-02 0.000000000000000000e+00 0.000000000000000000e+00 4.166666666666666435e-02 2.083333333333333218e-02 1.250000000000000000e-01 3.958333333333333148e-01 0.000000000000000000e+00 0.000000000000000000e+00 2.083333333333333218e-02 0.000000000000000000e+00 0.000000000000000000e+00 2.083333333333333218e-02 2.083333333333333218e-02
1.473684210526315756e-02 6.842105263157895016e-03 4.736842105263158222e-03 2.947368421052631512e-02 4.894736842105262831e-02 7.000000000000000666e-02 3.684210526315789391e-03 1.684210526315789436e-02 7.368421052631578781e-03 2.526315789473684154e-02 5.947368421052631748e-02 1.210526315789473700e-02 3.684210526315789130e-02 3.684210526315789391e-03 3.157894736842105365e-02 2.210526315789473548e-02 4.210526315789473589e-03 0.000000000000000000e+00 1.052631578947368397e-03 1.105263157894736774e-02 5.789473684210526619e-03 1.063157894736842107e-01 1.105263157894736774e-02 1.963157894736842213e-01 1.105263157894736809e-01 1.842105263157894565e-02 5.684210526315789519e-02 1.052631578947368397e-03 0.000000000000000000e+00 1.789473684210526189e-02 8.947368421052630943e-03 5.684210526315789519e-02
5.208333333333333565e-02 2.500000000000000000e-01 7.291666666666667129e-02 0.000000000000000000e+00 1.562500000000000000e-01 0.000000000000000000e+00 0.000000000000000000e+00 3.125000000000000000e-02 0.000000000000000000e+00 7.291666666666667129e-02 0.000000000000000000e+00 0.000000000000000000e+00 9.375000000000000000e-02 1.979166666666666574e-01 0.000000000000000000e+00 0.000000000000000000e+00 0.000000000000000000e+00 0.000000000000000000e+00 0.000000000000000000e+00 0.000000000000000000e+00 0.000000000000000000e+00 1.041666666666666609e-02 0.000000000000000000e+00 0.000000000000000000e+00 0.000000000000000000e+00 0.000000000000000000e+00 2.083333333333333218e-02 0.000000000000000000e+00 0.000000000000000000e+00 3.125000000000000000e-02 0.000000000000000000e+00 1.041666666666666609e-02
6.250000000000000000e-02 0.000000000000000000e+00 0.000000000000000000e+00 0.000000000000000000e+00 3.958333333333333148e-01 1.562500000000000000e-01 6.250000000000000000e-02 5.208333333333333565e-02 0.000000000000000000e+00 0.000000000000000000e+00 0.000000000000000000e+00 1.041666666666666609e-02 0.000000000000000000e+00 0.000000000000000000e+00 0.000000000000000000e+00 0.000000000000000000e+00 0.000000000000000000e+00 0.000000000000000000e+00 4.166666666666666435e-02 0.000000000000000000e+00 0.000000000000000000e+00 1.250000000000000000e-01 0.000000000000000000e+00 0.000000000000000000e+00 0.000000000000000000e+00 0.000000000000000000e+00 0.000000000000000000e+00 3.125000000000000000e-02 0.000000000000000000e+00 0.000000000000000000e+00 1.041666666666666609e-02 5.208333333333333565e-02
1.250000000000000000e-01 0.000000000000000000e+00 1.250000000000000069e-02 1.625000000000000056e-01 1.375000000000000111e-01 0.000000000000000000e+00 1.499999999999999944e-01 2.500000000000000139e-02 0.000000000000000000e+00 0.000000000000000000e+00 0.000000000000000000e+00 0.000000000000000000e+00 2.500000000000000139e-02 0.000000000000000000e+00 1.125000000000000028e-01 0.000000000000000000e+00 0.000000000000000000e+00 0.000000000000000000e+00 0.000000000000000000e+00 0.000000000000000000e+00 8.749999999999999445e-02 1.000000000000000056e-01 0.000000000000000000e+00 0.000000000000000000e+00 0.000000000000000000e+00 0.000000000000000000e+00 0.000000000000000000e+00 5.000000000000000278e-02 0.000000000000000000e+00 0.000000000000000000e+00 1.250000000000000069e-02 0.000000000000000000e+00
6.250000000000000000e-02 0.000000000000000000e+00 0.000000000000000000e+00 0.000000000000000000e+00 4.687500000000000000e-02 1.250000000000000000e-01 0.000000000000000000e+00 0.000000000000000000e+00 0.000000000000000000e+00 4.687500000000000000e-02 0.000000000000000000e+00 1.562500000000000000e-02 0.000000000000000000e+00 4.687500000000000000e-02 1.562500000000000000e-02 0.000000000000000000e+00 3.125000000000000000e-02 0.000000000000000000e+00 0.000000000000000000e+00 2.656250000000000000e-01 1.562500000000000000e-02 0.000000000000000000e+00 0.000000000000000000e+00 0.000000000000000000e+00 0.000000000000000000e+00 0.000000000000000000e+00 0.000000000000000000e+00 0.000000000000000000e+00 0.000000000000000000e+00 7.812500000000000000e-02 2.031250000000000000e-01 4.687500000000000000e-02
4.166666666666666435e-02 5.208333333333333565e-02 1.979166666666666574e-01 0.000000000000000000e+00 1.041666666666666713e-01 0.000000000000000000e+00 0.000000000000000000e+00 1.041666666666666609e-02 1.250000000000000000e-01 0.000000000000000000e+00 0.000000000000000000e+00 0.000000000000000000e+00 2.083333333333333218e-02 0.000000000000000000e+00 0.000000000000000000e+00 0.000000000000000000e+00 2.083333333333333218e-02 0.000000000000000000e+00 0.000000000000000000e+00 0.000000000000000000e+00 0.000000000000000000e+00 1.041666666666666609e-02 2.083333333333333218e-02 5.208333333333333565e-02 7.291666666666667129e-02 0.000000000000000000e+00 1.770833333333333426e-01 0.000000000000000000e+00 0.000000000000000000e+00 0.000000000000000000e+00 9.375000000000000000e-02 0.000000000000000000e+00
1.250000000000000000e-01 0.000000000000000000e+00 6.250000000000000000e-02 0.000000000000000000e+00 1.250000000000000000e-01 0.000000000000000000e+00 0.000000000000000000e+00 1.041666666666666609e-02 0.000000000000000000e+00 1.041666666666666609e-02 0.000000000000000000e+00 0.000000000000000000e+00 2.083333333333333218e-02 0.000000000000000000e+00 0.000000000000000000e+00 1.041666666666666609e-02 7.291666666666667129e-02 0.000000000000000000e+00 0.000000000000000000e+00 0.000000000000000000e+00 0.000000000000000000e+00 4.166666666666666435e-02 1.666666666666666574e-01 0.000000000000000000e+00 0.000000000000000000e+00 0.000000000000000000e+00 2.395833333333333426e-01 0.000000000000000000e+00 0.000000000000000000e+00 0.000000000000000000e+00 1.145833333333333287e-01 0.000000000000000000e+00
5.208333333333333565e-02 0.000000000000000000e+00 1.041666666666666609e-02 0.000000000000000000e+00 3.125000000000000000e-01 0.000000000000000000e+00 0.000000000000000000e+00 2.604166666666666852e-01 1.041666666666666609e-02 0.000000000000000000e+00 0.000000000000000000e+00 0.000000000000000000e+00 0.000000000000000000e+00 0.000000000000000000e+00 0.000000000000000000e+00 0.000000000000000000e+00 0.000000000000000000e+00 0.000000000000000000e+00 0.000000000000000000e+00 0.000000000000000000e+00 0.000000000000000000e+00 0.000000000000000000e+00 0.000000000000000000e+00 4.166666666666666435e-02 1.666666666666666574e-01 0.000000000000000000e+00 4.166666666666666435e-02 8.333333333333332871e-02 2.083333333333333218e-02 0.000000000000000000e+00 0.000000000000000000e+00 0.000000000000000000e+00
1.406250000000000000e-01 0.000000000000000000e+00 0.000000000000000000e+00 0.000000000000000000e+00 1.093750000000000000e-01 1.562500000000000000e-02 1.562500000000000000e-02 0.000000000000000000e+00 0.000000000000000000e+00 3.125000000000000000e-02 0.000000000000000000e+00 0.000000000000000000e+00 0.000000000000000000e+00 0.000000000000000000e+00 3.593750000000000000e-01 0.000000000000000000e+00 0.000000000000000000e+00 6.250000000000000000e-02 4.687500000000000000e-02 0.000000000000000000e+00 0.000000000000000000e+00 1.562500000000000000e-02 0.000000000000000000e+00 0.000000000000000000e+00 0.000000000000000000e+00 0.000000000000000000e+00 0.000000000000000000e+00 1.562500000000000000e-02 1.562500000000000000e-01 0.000000000000000000e+00 0.000000000000000000e+00 3.125000000000000000e-02
1.093750000000000000e-01 4.687500000000000000e-02 0.000000000000000000e+00 0.000000000000000000e+00 6.250000000000000000e-02 0.000000000000000000e+00 0.000000000000000000e+00 1.250000000000000000e-01 0.000000000000000000e+00 1.406250000000000000e-01 0.000000000000000000e+00 0.000000000000000000e+00 0.000000000000000000e+00 3.125000000000000000e-02 1.562500000000000000e-02 0.000000000000000000e+00 1.562500000000000000e-02 1.562500000000000000e-02 1.406250000000000000e-01 0.000000000000000000e+00 0.000000000000000000e+00 0.000000000000000000e+00 0.000000000000000000e+00 1.562500000000000000e-02 0.000000000000000000e+00 0.000000000000000000e+00 0.000000000000000000e+00 7.812500000000000000e-02 0.000000000000000000e+00 1.562500000000000000e-02 1.718750000000000000e-01 1.562500000000000000e-02
9.375000000000000000e-02 0.000000000000000000e+00 1.562500000000000000e-02 0.000000000000000000e+00 6.250000000000000000e-02 1.562500000000000000e-02 0.000000000000000000e+00 0.000000000000000000e+00 0.000000000000000000e+00 1.250000000000000000e-01 7.812500000000000000e-02 1.093750000000000000e-01 1.406250000000000000e-01 0.000000000000000000e+00 0.000000000000000000e+00 0.000000000000000000e+00 0.000000000000000000e+00 0.000000000000000000e+00 0.000000000000000000e+00 1.875000000000000000e-01 0.000000000000000000e+00 3.125000000000000000e-02 0.000000000000000000e+00 0.000000000000000000e+00 0.000000000000000000e+00 1.562500000000000000e-02 9.375000000000000000e-02 0.000000000000000000e+00 0.000000000000000000e+00 0.000000000000000000e+00 0.000000000000000000e+00 3.125000000000000000e-02
2.500000000000000000e-01 0.000000000000000000e+00 1.562500000000000000e-02 0.000000000000000000e+00 3.125000000000000000e-02 0.000000000000000000e+00 0.000000000000000000e+00 0.000000000000000000e+00 0.000000000000000000e+00 6.250000000000000000e-02 0.000000000000000000e+00 0.000000000000000000e+00 1.093750000000000000e-01 0.000000000000000000e+00 0.000000000000000000e+00 0.000000000000000000e+00 9.375000000000000000e-02 0.000000000000000000e+00 0.000000000000000000e+00 0.000000000000000000e+00 0.000000000000000000e+00 1.562500000000000000e-02 0.000000000000000000e+00 0.000000000000000000e+00 0.000000000000000000e+00 1.562500000000000000e-02 4.062500000000000000e-01 0.000000000000000000e+00 0.000000000000000000e+00 0.000000000000000000e+00 0.000000000000000000e+00 0.000000000000000000e+00
2.500000000000000000e-01 0.000000000000000000e+00 1.562500000000000000e-02 0.000000000000000000e+00 1.093750000000000000e-01 0.000000000000000000e+00 0.000000000000000000e+00 1.562500000000000000e-02 0.000000000000000000e+00 1.562500000000000000e-02 0.000000000000000000e+00 0.000000000000000000e+00 1.250000000000000000e-01 0.000000000000000000e+00 1.562500000000000000e-02 4.687500000000000000e-02 0.000000000000000000e+00 0.000000000000000000e+00 0.000000000000000000e+00 0.000000000000000000e+00 0.000000000000000000e+00 3.125000000000000000e-01 0.000000000000000000e+00 0.000000000000000000e+00 0.000000000000000000e+00 0.000000000000000000e+00 4.687500000000000000e-02 0.000000000000000000e+00 0.000000000000000000e+00 0.000000000000000000e+00 4.687500000000000000e-02 0.000000000000000000e+00
1.406250000000000000e-01 2.500000000000000000e-01 1.406250000000000000e-01 0.000000000000000000e+00 3.125000000000000000e-02 1.250000000000000000e-01 1.562500000000000000e-02 0.000000000000000000e+00 0.000000000000000000e+00 0.000000000000000000e+00 0.000000000000000000e+00 0.000000000000000000e+00 3.125000000000000000e-02 0.000000000000000000e+00 1.093750000000000000e-01 0.000000000000000000e+00 0.000000000000000000e+00 0.000000000000000000e+00 0.000000000000000000e+00 0.000000000000000000e+00 0.000000000000000000e+00 3.125000000000000000e-02 0.000000000000000000e+00 0.000000000000000000e+00 0.000000000000000000e+00 0.000000000000000000e+00 9.375000000000000000e-02 0.000000000000000000e+00 0.000000000000000000e+00 0.000000000000000000e+00 0.000000000000000000e+00 3.125000000000000000e-02
1.250000000000000000e-01 2.031250000000000000e-01 4.687500000000000000e-02 0.000000000000000000e+00 0.000000000000000000e+00 0.000000000000000000e+00 0.000000000000000000e+00 0.000000000000000000e+00 4.687500000000000000e-02 4.687500000000000000e-02 0.000000000000000000e+00 0.000000000000000000e+00 4.687500000000000000e-02 0.000000000000000000e+00 0.000000000000000000e+00 0.000000000000000000e+00 1.875000000000000000e-01 0.000000000000000000e+00 0.000000000000000000e+00 0.000000000000000000e+00 0.000000000000000000e+00 0.000000000000000000e+00 0.000000000000000000e+00 0.000000000000000000e+00 0.000000000000000000e+00 0.000000000000000000e+00 2.656250000000000000e-01 0.000000000000000000e+00 0.000000000000000000e+00 0.000000000000000000e+00 3.125000000000000000e-02 0.000000000000000000e+00
0.000000000000000000e+00 0.000000000000000000e+00 7.812500000000000000e-02 0.000000000000000000e+00 1.406250000000000000e-01 0.000000000000000000e+00 0.000000000000000000e+00 1.875000000000000000e-01 0.000000000000000000e+00 0.000000000000000000e+00 0.000000000000000000e+00 0.000000000000000000e+00 0.000000000000000000e+00 0.000000000000000000e+00 0.000000000000000000e+00 0.000000000000000000e+00 1.562500000000000000e-02 0.000000000000000000e+00 0.000000000000000000e+00 0.000000000000000000e+00 0.000000000000000000e+00 0.000000000000000000e+00 1.562500000000000000e-02 0.000000000000000000e+00 5.000000000000000000e-01 0.000000000000000000e+00 0.000000000000000000e+00 0.000000000000000000e+00 0.000000000000000000e+00 0.000000000000000000e+00 6.250000000000000000e-02 0.000000000000000000e+00
7.812500000000000000e-02 1.562500000000000000e-02 3.125000000000000000e-02 0.000000000000000000e+00 9.375000000000000000e-02 0.000000000000000000e+00 0.000000000000000000e+00 0.000000000000000000e+00 0.000000000000000000e+00 0.000000000000000000e+00 0.000000000000000000e+00 0.000000000000000000e+00 1.718750000000000000e-01 2.812500000000000000e-01 0.000000000000000000e+00 1.562500000000000000e-02 0.000000000000000000e+00 0.000000000000000000e+00 0.000000000000000000e+00 0.000000000000000000e+00 0.000000000000000000e+00 0.000000000000000000e+00 0.000000000000000000e+00 0.000000000000000000e+00 0.000000000000000000e+00 0.000000000000000000e+00 2.500000000000000000e-01 0.000000000000000000e+00 0.000000000000000000e+00 0.000000000000000000e+00 0.000000000000000000e+00 6.250000000000000000e-02
6.250000000000000000e-02 1.562500000000000000e-02 0.000000000000000000e+00 0.000000000000000000e+00 1.093750000000000000e-01 0.000000000000000000e+00 0.000000000000000000e+00 3.125000000000000000e-02 0.000000000000000000e+00 0.000000000000000000e+00 0.000000000000000000e+00 0.000000000000000000e+00 0.000000000000000000e+00 0.000000000000000000e+00 0.000000000000000000e+00 0.000000000000000000e+00 0.000000000000000000e+00 1.562500000000000000e-02 1.250000000000000000e-01 0.000000000000000000e+00 0.000000000000000000e+00 0.000000000000000000e+00 0.000000000000000000e+00 5.468750000000000000e-01 0.000000000000000000e+00 0.000000000000000000e+00 0.000000000000000000e+00 6.250000000000000000e-02 3.125000000000000000e-02 0.000000000000000000e+00 0.000000000000000000e+00 0.000000000000000000e+00
3.125000000000000000e-01 0.000000000000000000e+00 0.000000000000000000e+00 0.000000000000000000e+00 1.250000000000000069e-02 0.000000000000000000e+00 0.000000000000000000e+00 2.500000000000000139e-02 0.000000000000000000e+00 7.499999999999999722e-02 0.000000000000000000e+00 0.000000000000000000e+00 1.250000000000000000e-01 1.625000000000000056e-01 1.250000000000000069e-02 0.000000000000000000e+00 0.000000000000000000e+00 0.000000000000000000e+00 0.000000000000000000e+00 0.000000000000000000e+00 0.000000000000000000e+00 0.000000000000000000e+00 0.000000000000000000e+00 0.000000000000000000e+00 0.000000000000000000e+00 0.000000000000000000e+00 2.500000000000000139e-02 1.000000000000000056e-01 1.499999999999999944e-01 0.000000000000000000e+00 0.000000000000000000e+00 0.000000000000000000e+00
4.687500000000000000e-02 0.000000000000000000e+00 0.000000000000000000e+00 0.000000000000000000e+00 3.281250000000000000e-01 0.000000000000000000e+00 0.000000000000000000e+00 9.375000000000000000e-02 0.000000000000000000e+00 0.000000000000000000e+00 0.000000000000000000e+00 0.000000000000000000e+00 3.125000000000000000e-02 1.406250000000000000e-01 0.000000000000000000e+00 3.125000000000000000e-02 1.562500000000000000e-02 0.000000000000000000e+00 0.000000000000000000e+00 0.000000000000000000e+00 0.000000000000000000e+00 3.125000000000000000e-02 0.000000000000000000e+00 3.125000000000000000e-02 2.031250000000000000e-01 0.000000000000000000e+00 0.000000000000000000e+00 3.125000000000000000e-02 0.000000000000000000e+00 0.000000000000000000e+00 1.562500000000000000e-02 0.000000000000000000e+00
1.093750000000000000e-01 0.000000000000000000e+00 0.000000000000000000e+00 0.000000000000000000e+00 1.406250000000000000e-01 0.000000000000000000e+00 0.000000000000000000e+00 1.406250000000000000e-01 0.000000000000000000e+00 6.250000000000000000e-02 0.000000000000000000e+00 0.000000000000000000e+00 0.000000000000000000e+00 0.000000000000000000e+00 7.812500000000000000e-02 3.125000000000000000e-02 4.687500000000000000e-02 0.000000000000000000e+00 0.000000000000000000e+00 7.812500000000000000e-02 1.562500000000000000e-02 0.000000000000000000e+00 3.125000000000000000e-02 3.125000000000000000e-02 0.000000000000000000e+00 1.093750000000000000e-01 4.687500000000000000e-02 0.000000000000000000e+00 0.000000000000000000e+00 1.562500000000000000e-02 6.250000000000000000e-02 0.000000000000000000e+00
3.906250000000000000e-01 1.562500000000000000e-02 1.562500000000000000e-02 0.000000000000000000e+00 1.250000000000000000e-01 4.687500000000000000e-02 0.000000000000000000e+00 0.000000000000000000e+00 3.125000000000000000e-02 6.250000000000000000e-02 0.000000000000000000e+00 3.125000000000000000e-02 7.812500000000000000e-02 0.000000000000000000e+00 0.000000000000000000e+00 0.000000000000000000e+00 0.000000000000000000e+00 0.000000000000000000e+00 0.000000000000000000e+00 0.000000000000000000e+00 3.125000000000000000e-02 3.125000000000000000e-02 0.000000000000000000e+00 0.000000000000000000e+00 0.000000000000000000e+00 0.000000000000000000e+00 1.093750000000000000e-01 0.000000000000000000e+00 0.000000000000000000e+00 1.562500000000000000e-02 0.000000000000000000e+00 1.562500000000000000e-02
1.406250000000000000e-01 1.562500000000000000e-02 0.000000000000000000e+00 0.000000000000000000e+00 3.125000000000000000e-01 0.000000000000000000e+00 0.000000000000000000e+00 4.687500000000000000e-02 0.000000000000000000e+00 7.812500000000000000e-02 0.000000000000000000e+00 0.000000000000000000e+00 7.812500000000000000e-02 0.000000000000000000e+00 0.000000000000000000e+00 0.000000000000000000e+00 0.000000000000000000e+00 0.000000000000000000e+00 0.000000000000000000e+00 0.000000000000000000e+00 0.000000000000000000e+00 2.187500000000000000e-01 1.562500000000000000e-02 0.000000000000000000e+00 0.000000000000000000e+00 1.562500000000000000e-02 3.125000000000000000e-02 0.000000000000000000e+00 0.000000000000000000e+00 0.000000000000000000e+00 4.687500000000000000e-02 0.000000000000000000e+00
0.000000000000000000e+00 0.000000000000000000e+00 4.687500000000000000e-02 0.000000000000000000e+00 9.375000000000000000e-02 0.000000000000000000e+00 0.000000000000000000e+00 2.656250000000000000e-01 0.000000000000000000e+00 0.000000000000000000e+00 0.000000000000000000e+00 3.125000000000000000e-02 0.000000000000000000e+00 0.000000000000000000e+00 0.000000000000000000e+00 0.000000000000000000e+00 0.000000000000000000e+00 0.000000000000000000e+00 0.000000000000000000e+00 0.000000000000000000e+00 0.000000000000000000e+00 1.562500000000000000e-02 0.000000000000000000e+00 0.000000000000000000e+00 0.000000000000000000e+00 0.000000000000000000e+00 1.562500000000000000e-02 1.562500000000000000e-02 0.000000000000000000e+00 0.000000000000000000e+00 5.156250000000000000e-01 0.000000000000000000e+00
4.687500000000000000e-02 0.000000000000000000e+00 3.125000000000000000e-01 0.000000000000000000e+00 1.562500000000000000e-02 0.000000000000000000e+00 0.000000000000000000e+00 0.000000000000000000e+00 1.250000000000000000e-01 0.000000000000000000e+00 0.000000000000000000e+00 0.000000000000000000e+00 3.125000000000000000e-02 0.000000000000000000e+00 0.000000000000000000e+00 0.000000000000000000e+00 9.375000000000000000e-02 0.000000000000000000e+00 0.000000000000000000e+00 0.000000000000000000e+00 0.000000000000000000e+00 4.687500000000000000e-02 0.000000000000000000e+00 0.000000000000000000e+00 0.000000000000000000e+00 0.000000000000000000e+00 6.250000000000000000e-02 0.000000000000000000e+00 0.000000000000000000e+00 0.000000000000000000e+00 2.656250000000000000e-01 0.000000000000000000e+00
3.125000000000000000e-02 3.281250000000000000e-01 2.343750000000000000e-01 0.000000000000000000e+00 1.562500000000000000e-02 0.000000000000000000e+00 0.000000000000000000e+00 0.000000000000000000e+00 1.718750000000000000e-01 0.000000000000000000e+00 0.000000000000000000e+00 0.000000000000000000e+00 0.000000000000000000e+00 0.000000000000000000e+00 0.000000000000000000e+00 0.000000000000000000e+00 4.687500000000000000e-02 0.000000000000000000e+00 0.000000000000000000e+00 0.000000000000000000e+00 0.000000000000000000e+00 0.000000000000000000e+00 0.000000000000000000e+00 0.000000000000000000e+00 0.000000000000000000e+00 0.000000000000000000e+00 1.406250000000000000e-01 0.000000000000000000e+00 0.000000000000000000e+00 0.000000000000000000e+00 3.125000000000000000e-02 0.000000000000000000e+00
5.208333333333333565e-02 2.187500000000000000e-01 0.000000000000000000e+00 0.000000000000000000e+00 5.208333333333333565e-02 0.000000000000000000e+00 0.000000000000000000e+00 9.375000000000000000e-02 0.000000000000000000e+00 8.333333333333332871e-02 0.000000000000000000e+00 0.000000000000000000e+00 2.083333333333333218e-02 2.083333333333333218e-02 0.000000000000000000e+00 0.000000000000000000e+00 1.041666666666666609e-02 1.041666666666666609e-02 0.000000000000000000e+00 1.041666666666666609e-02 0.000000000000000000e+00 0.000000000000000000e+00 0.000000000000000000e+00 7.291666666666667129e-02 0.000000000000000000e+00 2.083333333333333218e-02 0.000000000000000000e+00 1.041666666666666713e-01 2.083333333333333218e-02 1.770833333333333426e-01 3.125000000000000000e-02 0.000000000000000000e+00
1.093750000000000000e-01 1.093750000000000000e-01 1.562500000000000000e-02 0.000000000000000000e+00 3.125000000000000000e-02 0.000000000000000000e+00 0.000000000000000000e+00 1.562500000000000000e-02 1.562500000000000000e-01 0.000000000000000000e+00 0.000000000000000000e+00 0.000000000000000000e+00 1.562500000000000000e-02 3.125000000000000000e-02 0.000000000000000000e+00 0.000000000000000000e+00 0.000000000000000000e+00 0.000000000000000000e+00 0.000000000000000000e+00 0.000000000000000000e+00 0.000000000000000000e+00 1.250000000000000000e-01 3.750000000000000000e-01 0.000000000000000000e+00 0.000000000000000000e+00 0.000000000000000000e+00 1.562500000000000000e-02 0.000000000000000000e+00 0.000000000000000000e+00 0.000000000000000000e+00 0.000000000000000000e+00 0.000000000000000000e+00
1.718750000000000000e-01 0.000000000000000000e+00 0.000000000000000000e+00 0.000000000000000000e+00 6.250000000000000000e-02 0.000000000000000000e+00 0.000000000000000000e+00 9.375000000000000000e-02 0.000000000000000000e+00 3.437500000000000000e-01 0.000000000000000000e+00 0.000000000000000000e+00 0.000000000000000000e+00 0.000000000000000000e+00 1.562500000000000000e-02 0.000000000000000000e+00 0.000000000000000000e+00 0.000000000000000000e+00 0.000000000000000000e+00 0.000000000000000000e+00 0.000000000000000000e+00 0.000000000000000000e+00 0.000000000000000000e+00 0.000000000000000000e+00 0.000000000000000000e+00 0.000000000000000000e+00 0.000000000000000000e+00 7.812500000000000000e-02 2.343750000000000000e-01 0.000000000000000000e+00 0.000000000000000000e+00 0.000000000000000000e+00
9.375000000000000000e-02 0.000000000000000000e+00 6.250000000000000000e-02 0.000000000000000000e+00 2.031250000000000000e-01 0.000000000000000000e+00 0.000000000000000000e+00 0.000000000000000000e+00 0.000000000000000000e+00 3.125000000000000000e-02 0.000000000000000000e+00 0.000000000000000000e+00 0.000000000000000000e+00 0.000000000000000000e+00 4.687500000000000000e-02 0.000000000000000000e+00 3.125000000000000000e-02 0.000000000000000000e+00 0.000000000000000000e+00 0.000000000000000000e+00 0.000000000000000000e+00 0.000000000000000000e+00 3.125000000000000000e-02 1.562500000000000000e-01 1.875000000000000000e-01 0.000000000000000000e+00 4.687500000000000000e-02 0.000000000000000000e+00 0.000000000000000000e+00 0.000000000000000000e+00 1.093750000000000000e-01 0.000000000000000000e+00
9.375000000000000000e-02 2.083333333333333426e-01 0.000000000000000000e+00 0.000000000000000000e+00 2.083333333333333426e-01 1.041666666666666609e-02 0.000000000000000000e+00 3.125000000000000000e-02 0.000000000000000000e+00 7.291666666666667129e-02 0.000000000000000000e+00 0.000000000000000000e+00 4.166666666666666435e-02 1.770833333333333426e-01 3.125000000000000000e-02 2.083333333333333218e-02 0.000000000000000000e+00 0.000000000000000000e+00 0.000000000000000000e+00 0.000000000000000000e+00 0.000000000000000000e+00 4.166666666666666435e-02 0.000000000000000000e+00 0.000000000000000000e+00 0.000000000000000000e+00 3.125000000000000000e-02 3.125000000000000000e-02 0.000000000000000000e+00 0.000000000000000000e+00 0.000000000000000000e+00 0.000000000000000000e+00 0.000000000000000000e+00
9.375000000000000000e-02 1.250000000000000000e-01 0.000000000000000000e+00 0.000000000000000000e+00 2.343750000000000000e-01 0.000000000000000000e+00 1.562500000000000000e-02 0.000000000000000000e+00 0.000000000000000000e+00 0.000000000000000000e+00 0.000000000000000000e+00 0.000000000000000000e+00 1.562500000000000000e-02 4.375000000000000000e-01 0.000000000000000000e+00 0.000000000000000000e+00 0.000000000000000000e+00 0.000000000000000000e+00 6.250000000000000000e-02 0.000000000000000000e+00 0.000000000000000000e+00 0.000000000000000000e+00 0.000000000000000000e+00 0.000000000000000000e+00 0.000000000000000000e+00 0.000000000000000000e+00 0.000000000000000000e+00 0.000000000000000000e+00 0.000000000000000000e+00 1.562500000000000000e-02 0.000000000000000000e+00 0.000000000000000000e+00
6.250000000000000000e-02 0.000000000000000000e+00 1.562500000000000000e-02 0.000000000000000000e+00 2.343750000000000000e-01 0.000000000000000000e+00 0.000000000000000000e+00 0.000000000000000000e+00 0.000000000000000000e+00 0.000000000000000000e+00 0.000000000000000000e+00 0.000000000000000000e+00 0.000000000000000000e+00 0.000000000000000000e+00 0.000000000000000000e+00 0.000000000000000000e+00 1.250000000000000000e-01 0.000000000000000000e+00 0.000000000000000000e+00 0.000000000000000000e+00 0.000000000000000000e+00 6.250000000000000000e-02 2.343750000000000000e-01 0.000000000000000000e+00 2.656250000000000000e-01 0.000000000000000000e+00 0.000000000000000000e+00 0.000000000000000000e+00 0.000000000000000000e+00 0.000000000000000000e+00 0.000000000000000000e+00 0.000000000000000000e+00
1.406250000000000000e-01 0.000000000000000000e+00 1.562500000000000000e-02 0.000000000000000000e+00 1.875000000000000000e-01 0.000000000000000000e+00 0.000000000000000000e+00 0.000000000000000000e+00 0.000000000000000000e+00 1.093750000000000000e-01 2.656250000000000000e-01 0.000000000000000000e+00 0.000000000000000000e+00 0.000000000000000000e+00 0.000000000000000000e+00 0.000000000000000000e+00 0.000000000000000000e+00 0.000000000000000000e+00 0.000000000000000000e+00 1.093750000000000000e-01 0.000000000000000000e+00 0.000000000000000000e+00 1.093750000000000000e-01 4.687500000000000000e-02 0.000000000000000000e+00 0.000000000000000000e+00 1.562500000000000000e-02 0.000000000000000000e+00 0.000000000000000000e+00 0.000000000000000000e+00 0.000000000000000000e+00 0.000000000000000000e+00
6.250000000000000000e-02 0.000000000000000000e+00 3.125000000000000000e-02 0.000000000000000000e+00 2.187500000000000000e-01 4.687500000000000000e-02 3.125000000000000000e-02 3.125000000000000000e-02 0.000000000000000000e+00 0.000000000000000000e+00 0.000000000000000000e+00 0.000000000000000000e+00 0.000000000000000000e+00 0.000000000000000000e+00 7.812500000000000000e-02 0.000000000000000000e+00 0.000000000000000000e+00 0.000000000000000000e+00 0.000000000000000000e+00 0.000000000000000000e+00 0.000000000000000000e+00 1.562500000000000000e-02 2.500000000000000000e-01 6.250000000000000000e-02 6.250000000000000000e-02 0.000000000000000000e+00 0.000000000000000000e+00 1.562500000000000000e-02 0.000000000000000000e+00 0.000000000000000000e+00 0.000000000000000000e+00 9.375000000000000000e-02
7.291666666666667129e-02 0.000000000000000000e+00 0.000000000000000000e+00 0.000000000000000000e+00 1.458333333333333426e-01 0.000000000000000000e+00 0.000000000000000000e+00 0.000000000000000000e+00 1.041666666666666609e-02 1.145833333333333287e-01 0.000000000000000000e+00 0.000000000000000000e+00 0.000000000000000000e+00 0.000000000000000000e+00 0.000000000000000000e+00 1.770833333333333426e-01 0.000000000000000000e+00 0.000000000000000000e+00 0.000000000000000000e+00 0.000000000000000000e+00 0.000000000000000000e+00 4.166666666666666435e-02 1.770833333333333426e-01 0.000000000000000000e+00 3.125000000000000000e-02 1.041666666666666609e-02 1.145833333333333287e-01 0.000000000000000000e+00 0.000000000000000000e+00 0.000000000000000000e+00 7.291666666666667129e-02 3.125000000000000000e-02
6.250000000000000000e-02 1.250000000000000000e-01 6.250000000000000000e-02 0.000000000000000000e+00 4.687500000000000000e-02 0.000000000000000000e+00 1.562500000000000000e-02 1.562500000000000000e-01 0.000000000000000000e+00 0.000000000000000000e+00 0.000000000000000000e+00 1.562500000000000000e-02 4.687500000000000000e-02 0.000000000000000000e+00 0.000000000000000000e+00 1.562500000000000000e-02 1.875000000000000000e-01 0.000000000000000000e+00 0.000000000000000000e+00 0.000000000000000000e+00 0.000000000000000000e+00 1.562500000000000000e-02 3.125000000000000000e-02 0.000000000000000000e+00 0.000000000000000000e+00 0.000000000000000000e+00 0.000000000000000000e+00 4.687500000000000000e-02 9.375000000000000000e-02 0.000000000000000000e+00 7.812500000000000000e-02 0.000000000000000000e+00
3.125000000000000000e-02 0.000000000000000000e+00 0.000000000000000000e+00 0.000000000000000000e+00 1.093750000000000000e-01 0.000000000000000000e+00 0.000000000000000000e+00 1.406250000000000000e-01 0.000000000000000000e+00 4.531250000000000000e-01 0.000000000000000000e+00 0.000000000000000000e+00 0.000000000000000000e+00 0.000000000000000000e+00 0.000000000000000000e+00 1.562500000000000000e-01 0.000000000000000000e+00 0.000000000000000000e+00 0.000000000000000000e+00 0.000000000000000000e+00 0.000000000000000000e+00 6.250000000000000000e-02 0.000000000000000000e+00 0.000000000000000000e+00 0.000000000000000000e+00 0.000000000000000000e+00 1.562500000000000000e-02 1.562500000000000000e-02 0.000000000000000000e+00 0.000000000000000000e+00 1.562500000000000000e-02 0.000000000000000000e+00
2.500000000000000000e-01 0.000000000000000000e+00 1.562500000000000000e-02 0.000000000000000000e+00 3.125000000000000000e-01 3.125000000000000000e-02 0.000000000000000000e+00 3.125000000000000000e-02 0.000000000000000000e+00 1.562500000000000000e-02 0.000000000000000000e+00 0.000000000000000000e+00 1.562500000000000000e-02 0.000000000000000000e+00 7.812500000000000000e-02 1.562500000000000000e-02 1.562500000000000000e-02 0.000000000000000000e+00 0.000000000000000000e+00 0.000000000000000000e+00 0.000000000000000000e+00 3.125000000000000000e-02 0.000000000000000000e+00 0.000000000000000000e+00 0.000000000000000000e+00 0.000000000000000000e+00 4.687500000000000000e-02 3.125000000000000000e-02 0.000000000000000000e+00 0.000000000000000000e+00 7.812500000000000000e-02 3.125000000000000000e-02
9.375000000000000000e-02 4.687500000000000000e-01 0.000000000000000000e+00 0.000000000000000000e+00 4.687500000000000000e-02 3.125000000000000000e-02 0.000000000000000000e+00 6.250000000000000000e-02 0.000000000000000000e+00 0.000000000000000000e+00 0.000000000000000000e+00 0.000000000000000000e+00 0.000000000000000000e+00 1.250000000000000000e-01 0.000000000000000000e+00 0.000000000000000000e+00 0.000000000000000000e+00 0.000000000000000000e+00 1.250000000000000000e-01 0.000000000000000000e+00 0.000000000000000000e+00 0.000000000000000000e+00 0.000000000000000000e+00 0.000000000000000000e+00 0.000000000000000000e+00 0.000000000000000000e+00 0.000000000000000000e+00 1.562500000000000000e-02 0.000000000000000000e+00 0.000000000000000000e+00 0.000000000000000000e+00 3.125000000000000000e-02
7.499999999999999722e-02 8.749999999999999445e-02 1.250000000000000069e-02 0.000000000000000000e+00 2.374999999999999889e-01 2.500000000000000139e-02 0.000000000000000000e+00 1.250000000000000069e-02 0.000000000000000000e+00 2.500000000000000139e-02 0.000000000000000000e+00 1.250000000000000069e-02 3.749999999999999861e-02 0.000000000000000000e+00 0.000000000000000000e+00 2.500000000000000139e-02 1.250000000000000069e-02 0.000000000000000000e+00 0.000000000000000000e+00 1.250000000000000069e-02 0.000000000000000000e+00 1.125000000000000028e-01 0.000000000000000000e+00 1.499999999999999944e-01 0.000000000000000000e+00 0.000000000000000000e+00 6.250000000000000000e-02 0.000000000000000000e+00 0.000000000000000000e+00 1.250000000000000069e-02 3.749999999999999861e-02 5.000000000000000278e-02
7.812500000000000000e-02 0.000000000000000000e+00 0.000000000000000000e+00 0.000000000000000000e+00 4.687500000000000000e-02 3.125000000000000000e-02 0.000000000000000000e+00 0.000000000000000000e+00 0.000000000000000000e+00 9.375000000000000000e-02 0.000000000000000000e+00 0.000000000000000000e+00 4.687500000000000000e-02 1.562500000000000000e-02 0.000000000000000000e+00 0.000000000000000000e+00 0.000000000000000000e+00 0.000000000000000000e+00 1.562500000000000000e-01 0.000000000000000000e+00 0.000000000000000000e+00 0.000000000000000000e+00 0.000000000000000000e+00 0.000000000000000000e+00 0.000000000000000000e+00 3.750000000000000000e-01 0.000000000000000000e+00 1.406250000000000000e-01 1.562500000000000000e-02 0.000000000000000000e+00 0.000000000000000000e+00 0.000000000000000000e+00
7.812500000000000000e-02 1.250000000000000000e-01 0.000000000000000000e+00 0.000000000000000000e+00 7.812500000000000000e-02 0.000000000000000000e+00 1.406250000000000000e-01 0.000000000000000000e+00 1.562500000000000000e-02 1.093750000000000000e-01 0.000000000000000000e+00 0.000000000000000000e+00 4.687500000000000000e-02 2.343750000000000000e-01 0.000000000000000000e+00 7.812500000000000000e-02 0.000000000000000000e+00 0.000000000000000000e+00 0.000000000000000000e+00 0.000000000000000000e+00 0.000000000000000000e+00 7.812500000000000000e-02 0.000000000000000000e+00 0.000000000000000000e+00 0.000000000000000000e+00 0.000000000000000000e+00 0.000000000000000000e+00 0.000000000000000000e+00 0.000000000000000000e+00 0.000000000000000000e+00 0.000000000000000000e+00 1.562500000000000000e-02
5.000000000000000278e-02 0.000000000000000000e+00 0.000000000000000000e+00 0.000000000000000000e+00 2.374999999999999889e-01 0.000000000000000000e+00 0.000000000000000000e+00 0.000000000000000000e+00 0.000000000000000000e+00 5.000000000000000278e-02 2.500000000000000139e-02 0.000000000000000000e+00 0.000000000000000000e+00 0.000000000000000000e+00 0.000000000000000000e+00 2.500000000000000139e-02 0.000000000000000000e+00 0.000000000000000000e+00 0.000000000000000000e+00 6.250000000000000000e-02 0.000000000000000000e+00 1.125000000000000028e-01 0.000000000000000000e+00 1.875000000000000000e-01 1.000000000000000056e-01 6.250000000000000000e-02 0.000000000000000000e+00 0.000000000000000000e+00 0.000000000000000000e+00 5.000000000000000278e-02 0.000000000000000000e+00 3.749999999999999861e-02
