3.333333333333333547e-03 0.000000000000000000e+00 8.333333333333333868e-04 2.675000000000000155e-01 3.083333333333333412e-02 1.499999999999999944e-02 1.083333333333333370e-02 2.083333333333333218e-02 0.000000000000000000e+00 1.666666666666666774e-03 0.000000000000000000e+00 1.091666666666666619e-01 5.750000000000000250e-02 8.333333333333333868e-04 2.083333333333333218e-02 7.666666666666666075e-02 8.333333333333333868e-04 3.500000000000000333e-02 0.000000000000000000e+00 8.333333333333333868e-04 4.166666666666666609e-03 2.249999999999999917e-02 0.000000000000000000e+00 0.000000000000000000e+00 0.000000000000000000e+00 2.916666666666666713e-02 5.583333333333333204e-02 1.750000000000000167e-02 8.583333333333333093e-02 4.166666666666666609e-03 2.583333333333333315e-02 1.024999999999999939e-01
0.000000000000000000e+00 0.000000000000000000e+00 0.000000000000000000e+00 3.499999999999999778e-01 8.749999999999999445e-02 0.000000000000000000e+00 0.000000000000000000e+00 2.000000000000000111e-01 0.000000000000000000e+00 1.250000000000000069e-02 0.000000000000000000e+00 0.000000000000000000e+00 0.000000000000000000e+00 0.000000000000000000e+00 7.499999999999999722e-02 0.000000000000000000e+00 0.000000000000000000e+00 0.000000000000000000e+00 8.749999999999999445e-02 0.000000000000000000e+00 0.000000000000000000e+00 0.000000000000000000e+00 0.000000000000000000e+00 0.000000000000000000e+00 0.000000000000000000e+00 6.250000000000000000e-02 0.000000000000000000e+00 2.500000000000000139e-02 6.250000000000000000e-02 0.000000000000000000e+00 0.000000000000000000e+00 3.749999999999999861e-02
5.952380952380952051e-03 0.000000000000000000e+00 0.000000000000000000e+00 1.944444444444444475e-01 1.607142857142857262e-01 0.000000000000000000e+00 9.920634920634920084e-03 8.630952380952380820e-02 0.000000000000000000e+00 1.984126984126984017e-03 7.242063492063492702e-02 5.952380952380952051e-03 0.000000000000000000e+00 0.000000000000000000e+00 3.373015873015872829e-02 0.000000000000000000e+00 2.976190476190476025e-03 5.456349206349206393e-02 1.984126984126984017e-03 0.000000000000000000e+00 2.390873015873015983e-01 9.920634920634920084e-03 0.000000000000000000e+00 0.000000000000000000e+00 0.000000000000000000e+00 4.960317460317460042e-03 2.976190476190476025e-03 3.174603174603174427e-02 2.480158730158730021e-02 0.000000000000000000e+00 7.936507936507936067e-03 4.761904761904761640e-02
5.999999999999999778e-02 0.000000000000000000e+00 0.000000000000000000e+00 1.600000000000000033e-01 1.000000000000000056e-01 0.000000000000000000e+00 0.000000000000000000e+00 1.900000000000000022e-01 0.000000000000000000e+00 0.000000000000000000e+00 0.000000000000000000e+00 5.000000000000000278e-02 4.000000000000000083e-02 0.000000000000000000e+00 2.000000000000000042e-02 0.000000000000000000e+00 0.000000000000000000e+00 0.000000000000000000e+00 0.000000000000000000e+00 0.000000000000000000e+00 0.000000000000000000e+00 0.000000000000000000e+00 0.000000000000000000e+00 0.000000000000000000e+00 0.000000000000000000e+00 0.000000000000000000e+00 2.000000000000000042e-02 1.199999999999999956e-01 2.999999999999999889e-02 0.000000000000000000e+00 0.000000000000000000e+00 2.099999999999999922e-01
1.250000000000000069e-02 0.000000000000000000e+00 0.000000000000000000e+00 0.000000000000000000e+00 6.250000000000000000e-02 0.000000000000000000e+00 0.000000000000000000e+00 3.749999999999999861e-02 0.000000000000000000e+00 2.500000000000000139e-02 0.000000000000000000e+00 0.000000000000000000e+00 0.000000000000000000e+00 0.000000000000000000e+00 0.000000000000000000e+00 0.000000000000000000e+00 0.000000000000000000e+00 1.875000000000000000e-01 0.000000000000000000e+00 1.250000000000000069e-02 0.000000000000000000e+00 0.000000000000000000e+00 5.000000000000000278e-02 1.250000000000000000e-01 2.500000000000000000e-01 0.000000000000000000e+00 0.000000000000000000e+00 1.250000000000000000e-01 1.125000000000000028e-01 0.000000000000000000e+00 0.000000000000000000e+00 0.000000000000000000e+00
1.428571428571428527e-02 0.000000000000000000e+00 2.857142857142857054e-02 1.428571428571428492e-01 1.714285714285714302e-01 0.000000000000000000e+00 0.000000000000000000e+00 7.142857142857142461e-02 0.000000000000000000e+00 4.285714285714285754e-02 0.000000000000000000e+00 0.000000000000000000e+00 0.000000000000000000e+00 8.571428571428571508e-02 7.142857142857142461e-02 0.000000000000000000e+00 0.000000000000000000e+00 0.000000000000000000e+00 0.000000000000000000e+00 7.142857142857142461e-02 1.000000000000000056e-01 0.000000000000000000e+00 0.000000000000000000e+00 0.000000000000000000e+00 0.000000000000000000e+00 0.000000000000000000e+00 1.428571428571428527e-02 1.000000000000000056e-01 0.000000000000000000e+00 7.142857142857142461e-02 1.428571428571428527e-02 0.000000000000000000e+00
7.777777777777777901e-02 0.000000000000000000e+00 1.555555555555555580e-01 0.000000000000000000e+00 2.777777777777777901e-01 0.000000000000000000e+00 0.000000000000000000e+00 5.555555555555555247e-02 0.000000000000000000e+00 1.111111111111111049e-01 0.000000000000000000e+00 0.000000000000000000e+00 1.111111111111111049e-01 2.222222222222222307e-02 4.444444444444444614e-02 0.000000000000000000e+00 0.000000000000000000e+00 2.222222222222222307e-02 3.333333333333333287e-02 0.000000000000000000e+00 0.000000000000000000e+00 1.111111111111111154e-02 0.000000000000000000e+00 0.000000000000000000e+00 0.000000000000000000e+00 0.000000000000000000e+00 6.666666666666666574e-02 1.111111111111111154e-02 0.000000000000000000e+00 0.000000000000000000e+00 0.000000000000000000e+00 0.000000000000000000e+00
6.250000000000000000e-02 0.000000000000000000e+00 0.000000000000000000e+00 0.000000000000000000e+00 1.375000000000000111e-01 0.000000000000000000e+00 0.000000000000000000e+00 6.250000000000000000e-02 0.000000000000000000e+00 1.250000000000000069e-02 0.000000000000000000e+00 0.000000000000000000e+00 0.000000000000000000e+00 0.000000000000000000e+00 0.000000000000000000e+00 0.000000000000000000e+00 0.000000000000000000e+00 2.500000000000000139e-02 1.499999999999999944e-01 1.125000000000000028e-01 0.000000000000000000e+00 0.000000000000000000e+00 0.000000000000000000e+00 0.000000000000000000e+00 0.000000000000000000e+00 3.375000000000000222e-01 0.000000000000000000e+00 7.499999999999999722e-02 1.250000000000000069e-02 1.250000000000000069e-02 0.000000000000000000e+00 0.000000000000000000e+00
0.000000000000000000e+00 0.000000000000000000e+00 0.000000000000000000e+00 2.222222222222222099e-01 1.587301587301587213e-01 0.000000000000000000e+00 0.000000000000000000e+00 2.698412698412698263e-01 0.000000000000000000e+00 3.174603174603174427e-02 0.000000000000000000e+00 0.000000000000000000e+00 0.000000000000000000e+00 0.000000000000000000e+00 1.111111111111111049e-01 0.000000000000000000e+00 0.000000000000000000e+00 1.587301587301587213e-02 0.000000000000000000e+00 0.000000000000000000e+00 4.761904761904761640e-02 0.000000000000000000e+00 0.000000000000000000e+00 0.000000000000000000e+00 0.000000000000000000e+00 0.000000000000000000e+00 0.000000000000000000e+00 9.523809523809523281e-02 0.000000000000000000e+00 0.000000000000000000e+00 0.000000000000000000e+00 4.761904761904761640e-02
2.500000000000000000e-01 0.000000000000000000e+00 0.000000000000000000e+00 8.333333333333332871e-02 3.148148148148148251e-01 9.259259259259258745e-03 0.000000000000000000e+00 4.629629629629629373e-02 2.777777777777777624e-02 7.407407407407406996e-02 0.000000000000000000e+00 0.000000000000000000e+00 0.000000000000000000e+00 0.000000000000000000e+00 5.555555555555555247e-02 0.000000000000000000e+00 0.000000000000000000e+00 9.259259259259258745e-03 9.259259259259258745e-03 0.000000000000000000e+00 0.000000000000000000e+00 3.703703703703703498e-02 3.703703703703703498e-02 9.259259259259258745e-03 0.000000000000000000e+00 0.000000000000000000e+00 9.259259259259258745e-03 9.259259259259258745e-03 0.000000000000000000e+00 0.000000000000000000e+00 0.000000000000000000e+00 1.851851851851851749e-02
4.231770833333333565e-02 0.000000000000000000e+00 0.000000000000000000e+00 2.968750000000000000e-01 9.049479166666667129e-02 0.000000000000000000e+00 1.302083333333333261e-03 5.403645833333333565e-02 0.000000000000000000e+00 2.539062500000000000e-02 0.000000000000000000e+00 1.757812500000000000e-02 8.463541666666666088e-03 8.463541666666666088e-03 8.333333333333332871e-02 2.604166666666666522e-03 1.302083333333333261e-03 7.877604166666667129e-02 1.171875000000000000e-02 0.000000000000000000e+00 6.575520833333332871e-02 2.213541666666666782e-02 0.000000000000000000e+00 0.000000000000000000e+00 0.000000000000000000e+00 1.171875000000000000e-02 5.208333333333333044e-03 6.250000000000000000e-02 8.658854166666667129e-02 0.000000000000000000e+00 7.812500000000000000e-03 1.562500000000000000e-02
9.166666666666666713e-03 2.999999999999999889e-02 0.000000000000000000e+00 1.841666666666666730e-01 6.166666666666666824e-02 3.083333333333333412e-02 1.083333333333333370e-02 2.416666666666666616e-02 0.000000000000000000e+00 1.166666666666666720e-02 0.000000000000000000e+00 2.333333333333333440e-02 2.500000000000000052e-03 5.833333333333333599e-03 1.750000000000000167e-02 2.500000000000000052e-03 0.000000000000000000e+00 1.833333333333333343e-02 9.166666666666666019e-02 8.083333333333332649e-02 7.499999999999999722e-02 8.333333333333333218e-03 0.000000000000000000e+00 7.499999999999999722e-03 0.000000000000000000e+00 7.749999999999999944e-02 6.666666666666667095e-03 5.333333333333333676e-02 3.083333333333333412e-02 6.500000000000000222e-02 1.666666666666666774e-03 6.916666666666666796e-02
5.626134301270417637e-02 0.000000000000000000e+00 0.000000000000000000e+00 2.268602540834845638e-01 1.669691470054446569e-01 2.813067150635208818e-02 9.981851179673321278e-03 1.361161524500907431e-02 0.000000000000000000e+00 4.537205081669691727e-03 0.000000000000000000e+00 1.451905626134301214e-02 1.996370235934664256e-02 1.542649727767695170e-02 5.263157894736841813e-02 0.000000000000000000e+00 0.000000000000000000e+00 0.000000000000000000e+00 1.978221415607985534e-01 0.000000000000000000e+00 0.000000000000000000e+00 5.172413793103448204e-02 0.000000000000000000e+00 0.000000000000000000e+00 0.000000000000000000e+00 0.000000000000000000e+00 2.540834845735027298e-02 5.535390199637023334e-02 7.259528130671506069e-03 0.000000000000000000e+00 6.352087114337568244e-03 4.718693284936479465e-02
2.250000000000000056e-01 0.000000000000000000e+00 0.000000000000000000e+00 8.749999999999999445e-02 1.625000000000000056e-01 0.000000000000000000e+00 0.000000000000000000e+00 1.250000000000000069e-02 0.000000000000000000e+00 1.250000000000000069e-02 0.000000000000000000e+00 0.000000000000000000e+00 1.250000000000000069e-02 0.000000000000000000e+00 8.749999999999999445e-02 0.000000000000000000e+00 0.000000000000000000e+00 1.250000000000000069e-02 5.000000000000000278e-02 1.250000000000000069e-02 3.749999999999999861e-02 1.250000000000000000e-01 0.000000000000000000e+00 1.250000000000000069e-02 0.000000000000000000e+00 7.499999999999999722e-02 5.000000000000000278e-02 1.250000000000000069e-02 0.000000000000000000e+00 1.250000000000000069e-02 0.000000000000000000e+00 0.000000000000000000e+00
3.776013730959021375e-02 0.000000000000000000e+00 0.000000000000000000e+00 1.731388114138597001e-01 4.033469212615318350e-02 1.072731173567903918e-03 3.003647285990130797e-03 1.630551383823214059e-02 0.000000000000000000e+00 4.290924694271615347e-04 1.697060716584423978e-01 1.523278266466423538e-02 1.501823642995065398e-03 9.440034327397553437e-03 1.480369019523707433e-02 0.000000000000000000e+00 0.000000000000000000e+00 1.823642995065436617e-02 1.480369019523707433e-02 1.759279124651362200e-02 1.031967388972323540e-01 2.402917828792104638e-02 0.000000000000000000e+00 1.501823642995065398e-03 0.000000000000000000e+00 3.475649002360008816e-02 0.000000000000000000e+00 5.149109633125938806e-02 2.229135378674104162e-01 4.505470928985196195e-03 0.000000000000000000e+00 2.424372452263462777e-02
1.843317972350230483e-01 0.000000000000000000e+00 0.000000000000000000e+00 1.228878648233486942e-02 9.523809523809523281e-02 4.608294930875576033e-03 1.536098310291858678e-03 2.150537634408602322e-02 0.000000000000000000e+00 8.448540706605223161e-02 0.000000000000000000e+00 0.000000000000000000e+00 0.000000000000000000e+00 1.536098310291858678e-03 7.680491551459293909e-02 0.000000000000000000e+00 0.000000000000000000e+00 1.536098310291858678e-03 9.216589861751152066e-03 0.000000000000000000e+00 0.000000000000000000e+00 4.608294930875576033e-03 0.000000000000000000e+00 2.043010752688172171e-01 2.427035330261136659e-01 3.379416282642089264e-02 0.000000000000000000e+00 1.075268817204301161e-02 1.536098310291858678e-03 0.000000000000000000e+00 0.000000000000000000e+00 9.216589861751152066e-03
7.792207792207792028e-02 0.000000000000000000e+00 0.000000000000000000e+00 0.000000000000000000e+00 1.818181818181818232e-01 0.000000000000000000e+00 0.000000000000000000e+00 7.792207792207792028e-02 0.000000000000000000e+00 1.298701298701298787e-02 0.000000000000000000e+00 0.000000000000000000e+00 1.298701298701298787e-02 0.000000000000000000e+00 0.000000000000000000e+00 2.597402597402597574e-02 0.000000000000000000e+00 0.000000000000000000e+00 3.896103896103896014e-02 6.493506493506492894e-02 0.000000000000000000e+00 3.896103896103896014e-02 0.000000000000000000e+00 3.896103896103896014e-02 0.000000000000000000e+00 0.000000000000000000e+00 9.090909090909091161e-02 0.000000000000000000e+00 0.000000000000000000e+00 2.857142857142856984e-01 0.000000000000000000e+00 5.194805194805195148e-02
4.427083333333333565e-02 7.942708333333332871e-02 0.000000000000000000e+00 0.000000000000000000e+00 1.132812500000000000e-01 2.604166666666666522e-03 7.812500000000000000e-03 1.432291666666666609e-02 2.786458333333333148e-01 1.002604166666666713e-01 0.000000000000000000e+00 1.302083333333333261e-03 1.562500000000000000e-02 1.562500000000000000e-02 9.114583333333333912e-03 2.864583333333333218e-02 0.000000000000000000e+00 4.947916666666666435e-02 2.083333333333333218e-02 0.000000000000000000e+00 0.000000000000000000e+00 2.213541666666666782e-02 1.796875000000000000e-01 0.000000000000000000e+00 0.000000000000000000e+00 5.208333333333333044e-03 1.302083333333333261e-03 2.604166666666666522e-03 0.000000000000000000e+00 0.000000000000000000e+00 0.000000000000000000e+00 7.812500000000000000e-03
1.116666666666666641e-01 0.000000000000000000e+00 0.000000000000000000e+00 0.000000000000000000e+00 8.000000000000000167e-02 3.749999999999999861e-02 8.333333333333333868e-04 1.583333333333333467e-02 0.000000000000000000e+00 5.833333333333333599e-03 9.583333333333333981e-02 2.583333333333333315e-02 3.833333333333333037e-02 0.000000000000000000e+00 8.333333333333333868e-04 4.250000000000000305e-02 0.000000000000000000e+00 2.500000000000000052e-03 1.750000000000000167e-02 3.333333333333333547e-03 6.666666666666667095e-03 5.999999999999999778e-02 0.000000000000000000e+00 2.775000000000000244e-01 8.166666666666666519e-02 1.666666666666666774e-03 3.333333333333333547e-03 6.666666666666667095e-03 1.666666666666666774e-03 0.000000000000000000e+00 4.166666666666666609e-03 7.833333333333333814e-02
2.883506343713956258e-03 0.000000000000000000e+00 0.000000000000000000e+00 1.372549019607843257e-01 5.190311418685120831e-03 1.026528258362168350e-01 2.652825836216839844e-02 4.786620530565167259e-02 0.000000000000000000e+00 1.903114186851211087e-02 0.000000000000000000e+00 6.113033448673586834e-02 0.000000000000000000e+00 2.537485582468281334e-02 1.845444059976932005e-02 3.287197231833909744e-02 0.000000000000000000e+00 1.268742791234140667e-02 1.153402537485582503e-03 0.000000000000000000e+00 2.595155709342560416e-02 2.883506343713956258e-03 0.000000000000000000e+00 0.000000000000000000e+00 0.000000000000000000e+00 2.993079584775086288e-01 0.000000000000000000e+00 3.460207612456747683e-02 9.284890426758939108e-02 0.000000000000000000e+00 0.000000000000000000e+00 5.132641291810841749e-02
0.000000000000000000e+00 0.000000000000000000e+00 0.000000000000000000e+00 0.000000000000000000e+00 1.499999999999999944e-01 0.000000000000000000e+00 0.000000000000000000e+00 1.250000000000000069e-02 0.000000000000000000e+00 0.000000000000000000e+00 0.000000000000000000e+00 0.000000000000000000e+00 0.000000000000000000e+00 0.000000000000000000e+00 1.000000000000000056e-01 0.000000000000000000e+00 0.000000000000000000e+00 0.000000000000000000e+00 2.500000000000000139e-02 0.000000000000000000e+00 0.000000000000000000e+00 0.000000000000000000e+00 3.375000000000000222e-01 0.000000000000000000e+00 1.000000000000000056e-01 0.000000000000000000e+00 0.000000000000000000e+00 0.000000000000000000e+00 0.000000000000000000e+00 0.000000000000000000e+00 2.750000000000000222e-01 0.000000000000000000e+00
3.333333333333333547e-03 0.000000000000000000e+00 1.666666666666666774e-03 4.516666666666666607e-01 5.999999999999999778e-02 0.000000000000000000e+00 8.333333333333333868e-04 1.133333333333333276e-01 0.000000000000000000e+00 8.333333333333333868e-04 0.000000000000000000e+00 2.249999999999999917e-02 5.000000000000000104e-03 0.000000000000000000e+00 3.500000000000000333e-02 0.000000000000000000e+00 1.666666666666666774e-03 1.166666666666666720e-02 6.666666666666667095e-03 0.000000000000000000e+00 1.166666666666666720e-02 4.166666666666666609e-03 0.000000000000000000e+00 0.000000000000000000e+00 0.000000000000000000e+00 8.333333333333333868e-04 2.166666666666666741e-02 1.066666666666666735e-01 7.666666666666666075e-02 0.000000000000000000e+00 4.666666666666666879e-02 1.750000000000000167e-02
7.231983702571938288e-02 0.000000000000000000e+00 0.000000000000000000e+00 1.762159409218232720e-01 5.716832187420422401e-02 6.098803157626687260e-02 4.456327985739750447e-02 3.552330022918258334e-02 0.000000000000000000e+00 2.635599694423223713e-02 6.366182836771072315e-04 1.235039470333587977e-02 7.295645530939648404e-02 1.273236567354214300e-04 1.009676597911891988e-01 2.546473134708428601e-04 0.000000000000000000e+00 4.329004329004329001e-03 5.118411000763942176e-02 0.000000000000000000e+00 4.991087344028520556e-02 7.346574993633817052e-02 0.000000000000000000e+00 0.000000000000000000e+00 0.000000000000000000e+00 7.130124777183600299e-03 1.311433664374840775e-02 3.068500127323656873e-02 6.238859180035650348e-02 0.000000000000000000e+00 0.000000000000000000e+00 4.736440030557677316e-02
4.687499999999999827e-03 0.000000000000000000e+00 7.812500000000000434e-04 1.562500000000000087e-03 3.437500000000000278e-02 7.031250000000000173e-03 0.000000000000000000e+00 1.562500000000000087e-03 0.000000000000000000e+00 1.718750000000000139e-02 0.000000000000000000e+00 1.617187499999999944e-01 7.812500000000000000e-03 3.125000000000000173e-03 1.250000000000000069e-02 1.093750000000000000e-01 7.812500000000000000e-03 3.906250000000000000e-03 4.687499999999999827e-03 7.421875000000000000e-02 1.062499999999999972e-01 1.718750000000000139e-02 0.000000000000000000e+00 0.000000000000000000e+00 0.000000000000000000e+00 2.585937500000000111e-01 5.078125000000000000e-02 2.343749999999999913e-03 7.812500000000000000e-03 2.343749999999999913e-03 4.531249999999999861e-02 5.703124999999999861e-02
3.731815306767868184e-02 0.000000000000000000e+00 0.000000000000000000e+00 7.969639468690702111e-02 1.157495256166982955e-01 6.325110689437065271e-04 1.897533206831119581e-03 7.147375079063883474e-02 0.000000000000000000e+00 1.138519924098671705e-02 5.755850727387729071e-02 6.325110689437065271e-04 4.427577482605945906e-03 3.162555344718532419e-03 7.020872865275142038e-02 6.957621758380772015e-03 0.000000000000000000e+00 1.524351676154332702e-01 4.807084123972169692e-02 0.000000000000000000e+00 2.972802024035420612e-02 3.795066413662239162e-03 0.000000000000000000e+00 0.000000000000000000e+00 0.000000000000000000e+00 6.325110689437064837e-03 1.897533206831119581e-03 1.296647691334598396e-01 1.657179000632511001e-01 0.000000000000000000e+00 0.000000000000000000e+00 1.265022137887413054e-03
1.136363636363636395e-02 0.000000000000000000e+00 0.000000000000000000e+00 4.545454545454545581e-02 1.931818181818181768e-01 0.000000000000000000e+00 0.000000000000000000e+00 2.045454545454545581e-01 0.000000000000000000e+00 1.136363636363636395e-02 0.000000000000000000e+00 0.000000000000000000e+00 1.136363636363636395e-02 0.000000000000000000e+00 6.818181818181817677e-02 0.000000000000000000e+00 0.000000000000000000e+00 0.000000000000000000e+00 0.000000000000000000e+00 1.136363636363636395e-02 1.704545454545454419e-01 0.000000000000000000e+00 0.000000000000000000e+00 0.000000000000000000e+00 0.000000000000000000e+00 1.477272727272727348e-01 0.000000000000000000e+00 5.681818181818181629e-02 0.000000000000000000e+00 0.000000000000000000e+00 0.000000000000000000e+00 6.818181818181817677e-02
5.647058823529411964e-02 5.882352941176470507e-03 0.000000000000000000e+00 1.764705882352941152e-02 8.470588235294117252e-02 0.000000000000000000e+00 0.000000000000000000e+00 4.588235294117647134e-02 0.000000000000000000e+00 2.705882352941176364e-02 1.035294117647058837e-01 0.000000000000000000e+00 0.000000000000000000e+00 0.000000000000000000e+00 2.823529411764705982e-02 0.000000000000000000e+00 0.000000000000000000e+00 1.882352941176470423e-02 1.176470588235294015e-03 0.000000000000000000e+00 4.941176470588234948e-02 2.117647058823529313e-02 0.000000000000000000e+00 2.258823529411764786e-01 0.000000000000000000e+00 4.470588235294117863e-02 4.705882352941176058e-03 1.047058823529411764e-01 1.564705882352941113e-01 0.000000000000000000e+00 2.352941176470588029e-03 1.176470588235294015e-03
7.666666666666666075e-02 0.000000000000000000e+00 3.333333333333333547e-03 1.766666666666666663e-01 3.300000000000000155e-01 6.666666666666667095e-03 0.000000000000000000e+00 1.066666666666666735e-01 0.000000000000000000e+00 0.000000000000000000e+00 0.000000000000000000e+00 1.000000000000000021e-02 1.333333333333333419e-02 0.000000000000000000e+00 6.666666666666666574e-02 0.000000000000000000e+00 0.000000000000000000e+00 6.666666666666667095e-03 2.666666666666666838e-02 0.000000000000000000e+00 0.000000000000000000e+00 4.666666666666666879e-02 0.000000000000000000e+00 0.000000000000000000e+00 0.000000000000000000e+00 0.000000000000000000e+00 1.666666666666666644e-02 5.666666666666666380e-02 3.333333333333333547e-03 0.000000000000000000e+00 0.000000000000000000e+00 5.333333333333333676e-02
1.625000000000000056e-01 0.000000000000000000e+00 0.000000000000000000e+00 1.250000000000000069e-02 3.750000000000000000e-01 0.000000000000000000e+00 0.000000000000000000e+00 0.000000000000000000e+00 0.000000000000000000e+00 1.250000000000000069e-02 0.000000000000000000e+00 0.000000000000000000e+00 1.250000000000000069e-02 0.000000000000000000e+00 8.749999999999999445e-02 0.000000000000000000e+00 5.000000000000000278e-02 0.000000000000000000e+00 0.000000000000000000e+00 0.000000000000000000e+00 0.000000000000000000e+00 7.499999999999999722e-02 0.000000000000000000e+00 0.000000000000000000e+00 0.000000000000000000e+00 0.000000000000000000e+00 7.499999999999999722e-02 0.000000000000000000e+00 0.000000000000000000e+00 0.000000000000000000e+00 1.375000000000000111e-01 0.000000000000000000e+00
1.250000000000000069e-02 0.000000000000000000e+00 0.000000000000000000e+00 7.499999999999999722e-02 1.000000000000000056e-01 7.499999999999999722e-02 0.000000000000000000e+00 2.500000000000000139e-02 0.000000000000000000e+00 2.500000000000000139e-02 0.000000000000000000e+00 6.250000000000000000e-02 2.500000000000000139e-02 5.000000000000000278e-02 0.000000000000000000e+00 0.000000000000000000e+00 0.000000000000000000e+00 1.250000000000000069e-02 5.000000000000000278e-02 0.000000000000000000e+00 1.250000000000000069e-02 1.250000000000000069e-02 0.000000000000000000e+00 0.000000000000000000e+00 0.000000000000000000e+00 2.625000000000000111e-01 0.000000000000000000e+00 0.000000000000000000e+00 0.000000000000000000e+00 0.000000000000000000e+00 0.000000000000000000e+00 2.000000000000000111e-01
1.136363636363636395e-02 0.000000000000000000e+00 0.000000000000000000e+00 5.681818181818181629e-02 1.363636363636363535e-01 2.272727272727272790e-02 0.000000000000000000e+00 2.045454545454545581e-01 0.000000000000000000e+00 1.136363636363636395e-02 7.954545454545454419e-02 0.000000000000000000e+00 3.409090909090908839e-02 0.000000000000000000e+00 1.818181818181818232e-01 0.000000000000000000e+00 0.000000000000000000e+00 0.000000000000000000e+00 2.272727272727272790e-02 0.000000000000000000e+00 0.000000000000000000e+00 0.000000000000000000e+00 0.000000000000000000e+00 3.409090909090908839e-02 3.409090909090908839e-02 0.000000000000000000e+00 0.000000000000000000e+00 1.136363636363636326e-01 1.136363636363636395e-02 3.409090909090908839e-02 0.000000000000000000e+00 1.136363636363636395e-02
7.499999999999999722e-02 0.000000000000000000e+00 0.000000000000000000e+00 0.000000000000000000e+00 1.875000000000000000e-01 1.250000000000000069e-02 0.000000000000000000e+00 0.000000000000000000e+00 0.000000000000000000e+00 6.250000000000000000e-02 0.000000000000000000e+00 0.000000000000000000e+00 0.000000000000000000e+00 1.250000000000000069e-02 0.000000000000000000e+00 0.000000000000000000e+00 0.000000000000000000e+00 0.000000000000000000e+00 0.000000000000000000e+00 4.249999999999999889e-01 0.000000000000000000e+00 1.625000000000000056e-01 0.000000000000000000e+00 0.000000000000000000e+00 0.000000000000000000e+00 1.250000000000000069e-02 0.000000000000000000e+00 0.000000000000000000e+00 0.000000000000000000e+00 0.000000000000000000e+00 0.000000000000000000e+00 5.000000000000000278e-02
0.000000000000000000e+00 0.000000000000000000e+00 0.000000000000000000e+00 2.999999999999999889e-01 1.499999999999999944e-01 7.499999999999999722e-02 0.000000000000000000e+00 3.749999999999999861e-02 0.000000000000000000e+00 0.000000000000000000e+00 0.000000000000000000e+00 0.000000000000000000e+00 0.000000000000000000e+00 0.000000000000000000e+00 7.499999999999999722e-02 0.000000000000000000e+00 0.000000000000000000e+00 0.000000000000000000e+00 1.875000000000000000e-01 0.000000000000000000e+00 0.000000000000000000e+00 1.250000000000000069e-02 0.000000000000000000e+00 0.000000000000000000e+00 0.000000000000000000e+00 0.000000000000000000e+00 0.000000000000000000e+00 8.749999999999999445e-02 0.000000000000000000e+00 0.000000000000000000e+00 0.000000000000000000e+00 7.499999999999999722e-02
1.250000000000000069e-02 0.000000000000000000e+00 0.000000000000000000e+00 3.749999999999999861e-02 1.250000000000000000e-01 0.000000000000000000e+00 0.000000000000000000e+00 1.875000000000000000e-01 0.000000000000000000e+00 1.250000000000000069e-02 3.749999999999999861e-02 3.749999999999999861e-02 0.000000000000000000e+00 0.000000000000000000e+00 6.250000000000000000e-02 1.250000000000000069e-02 0.000000000000000000e+00 0.000000000000000000e+00 0.000000000000000000e+00 5.000000000000000278e-02 8.749999999999999445e-02 2.500000000000000139e-02 0.000000000000000000e+00 0.000000000000000000e+00 0.000000000000000000e+00 1.125000000000000028e-01 0.000000000000000000e+00 7.499999999999999722e-02 0.000000000000000000e+00 0.000000000000000000e+00 1.250000000000000069e-02 1.125000000000000028e-01
1.234567901234567833e-02 2.649261283141064460e-01 4.654928152195912140e-03 0.000000000000000000e+00 4.452539971665654683e-02 6.071645415907711346e-04 4.047763610605140464e-03 9.309856304391824280e-03 1.220400728597449969e-01 3.642987249544626591e-03 0.000000000000000000e+00 6.071645415907711346e-04 1.356000809552722168e-02 1.414693381906496628e-01 1.275045537340619393e-02 2.064359441408621793e-02 1.343857518720906752e-01 2.914389799635701273e-02 3.258449706537137891e-02 0.000000000000000000e+00 0.000000000000000000e+00 1.011940902651285116e-03 1.700060716454158960e-02 2.995345071847804047e-02 2.023881805302570449e-04 0.000000000000000000e+00 4.614450516089860233e-02 1.801254806719287602e-02 1.275045537340619393e-02 2.023881805302570449e-04 1.841732442825338989e-02 5.059704513256426013e-03
2.789473684210526383e-02 5.526315789473684043e-02 0.000000000000000000e+00 1.263157894736842077e-02 1.242105263157894796e-01 0.000000000000000000e+00 8.421052631578947179e-03 1.894736842105263289e-02 7.736842105263157243e-02 1.894736842105263289e-02 0.000000000000000000e+00 0.000000000000000000e+00 1.684210526315789436e-02 3.526315789473684348e-02 2.578947368421052530e-02 0.000000000000000000e+00 0.000000000000000000e+00 4.736842105263158222e-03 4.263157894736842313e-02 6.526315789473684237e-02 0.000000000000000000e+00 2.473684210526315777e-02 0.000000000000000000e+00 4.631578947368421295e-02 3.157894736842105192e-03 1.131578947368421101e-01 1.578947368421052596e-03 1.189473684210526350e-01 9.052631578947369084e-02 6.684210526315789713e-02 0.000000000000000000e+00 5.263157894736841987e-04
8.854166666666667129e-02 2.083333333333333218e-02 4.296875000000000000e-02 8.203125000000000000e-02 1.406250000000000000e-01 0.000000000000000000e+00 0.000000000000000000e+00 4.036458333333333565e-02 0.000000000000000000e+00 3.515625000000000000e-02 0.000000000000000000e+00 1.223958333333333287e-01 2.734375000000000000e-02 5.208333333333333044e-03 2.473958333333333218e-02 3.125000000000000000e-02 3.645833333333333565e-02 0.000000000000000000e+00 0.000000000000000000e+00 0.000000000000000000e+00 0.000000000000000000e+00 2.473958333333333218e-02 0.000000000000000000e+00 0.000000000000000000e+00 0.000000000000000000e+00 0.000000000000000000e+00 1.419270833333333426e-01 1.302083333333333261e-03 0.000000000000000000e+00 0.000000000000000000e+00 7.291666666666667129e-02 6.119791666666666435e-02
0.000000000000000000e+00 0.000000000000000000e+00 0.000000000000000000e+00 2.000000000000000111e-01 2.142857142857142738e-01 0.000000000000000000e+00 0.000000000000000000e+00 7.142857142857142461e-02 0.000000000000000000e+00 0.000000000000000000e+00 0.000000000000000000e+00 0.000000000000000000e+00 0.000000000000000000e+00 0.000000000000000000e+00 1.571428571428571397e-01 0.000000000000000000e+00 0.000000000000000000e+00 0.000000000000000000e+00 0.000000000000000000e+00 0.000000000000000000e+00 0.000000000000000000e+00 0.000000000000000000e+00 0.000000000000000000e+00 0.000000000000000000e+00 0.000000000000000000e+00 1.000000000000000056e-01 7.142857142857142461e-02 0.000000000000000000e+00 0.000000000000000000e+00 0.000000000000000000e+00 0.000000000000000000e+00 1.857142857142857206e-01
7.558139534883720478e-02 0.000000000000000000e+00 7.267441860465116178e-03 5.523255813953488469e-02 9.956395348837208947e-02 2.688953488372092943e-02 0.000000000000000000e+00 7.630813953488371770e-02 0.000000000000000000e+00 1.882267441860465129e-01 0.000000000000000000e+00 5.377906976744185885e-02 5.087209302325581758e-03 1.453488372093023236e-03 2.979651162790697763e-02 9.447674418604650598e-03 0.000000000000000000e+00 7.267441860465116178e-04 1.889534883720930120e-02 0.000000000000000000e+00 0.000000000000000000e+00 4.651162790697674354e-02 0.000000000000000000e+00 0.000000000000000000e+00 0.000000000000000000e+00 0.000000000000000000e+00 4.287790697674418589e-02 8.793604651162791053e-02 1.417151162790697694e-01 0.000000000000000000e+00 3.633720930232558089e-03 2.906976744186046471e-02
1.125000000000000028e-01 0.000000000000000000e+00 0.000000000000000000e+00 0.000000000000000000e+00 1.250000000000000000e-01 0.000000000000000000e+00 0.000000000000000000e+00 3.749999999999999861e-02 0.000000000000000000e+00 5.000000000000000278e-02 1.250000000000000000e-01 0.000000000000000000e+00 5.000000000000000278e-02 0.000000000000000000e+00 2.750000000000000222e-01 0.000000000000000000e+00 0.000000000000000000e+00 0.000000000000000000e+00 0.000000000000000000e+00 0.000000000000000000e+00 1.250000000000000069e-02 0.000000000000000000e+00 0.000000000000000000e+00 1.749999999999999889e-01 0.000000000000000000e+00 0.000000000000000000e+00 0.000000000000000000e+00 3.749999999999999861e-02 0.000000000000000000e+00 0.000000000000000000e+00 0.000000000000000000e+00 0.000000000000000000e+00
2.631578947368420907e-02 1.052631578947368397e-03 0.000000000000000000e+00 3.510526315789473939e-01 7.000000000000000666e-02 0.000000000000000000e+00 0.000000000000000000e+00 4.947368421052631554e-02 0.000000000000000000e+00 1.000000000000000021e-02 0.000000000000000000e+00 3.578947368421052377e-02 6.684210526315789713e-02 6.842105263157895190e-02 3.631578947368421101e-02 3.157894736842105192e-03 0.000000000000000000e+00 3.473684210526315624e-02 0.000000000000000000e+00 0.000000000000000000e+00 0.000000000000000000e+00 0.000000000000000000e+00 0.000000000000000000e+00 0.000000000000000000e+00 0.000000000000000000e+00 0.000000000000000000e+00 2.631578947368420993e-03 6.842105263157895190e-02 1.252631578947368540e-01 1.210526315789473700e-02 6.842105263157895016e-03 3.157894736842105365e-02
4.545454545454545581e-02 6.887052341597796334e-03 8.953168044077135235e-03 3.498622589531680260e-01 1.039944903581267177e-01 0.000000000000000000e+00 0.000000000000000000e+00 7.644628099173553237e-02 0.000000000000000000e+00 2.341597796143250754e-02 0.000000000000000000e+00 1.308539944903581304e-02 2.685950413223140570e-02 1.928374655647382974e-02 5.509641873278237068e-02 3.443526170798898167e-03 2.410468319559228717e-02 0.000000000000000000e+00 0.000000000000000000e+00 0.000000000000000000e+00 0.000000000000000000e+00 4.820936639118457434e-03 6.887052341597796334e-04 0.000000000000000000e+00 0.000000000000000000e+00 1.377410468319559267e-03 2.685950413223140570e-02 4.063360881542699837e-02 8.884297520661156577e-02 0.000000000000000000e+00 6.611570247933884481e-02 1.377410468319559267e-02
1.625000000000000056e-01 0.000000000000000000e+00 0.000000000000000000e+00 0.000000000000000000e+00 1.250000000000000000e-01 2.500000000000000139e-02 0.000000000000000000e+00 3.749999999999999861e-02 0.000000000000000000e+00 2.500000000000000139e-02 8.749999999999999445e-02 2.500000000000000139e-02 0.000000000000000000e+00 1.000000000000000056e-01 0.000000000000000000e+00 0.000000000000000000e+00 0.000000000000000000e+00 0.000000000000000000e+00 1.250000000000000069e-02 0.000000000000000000e+00 0.000000000000000000e+00 0.000000000000000000e+00 0.000000000000000000e+00 0.000000000000000000e+00 0.000000000000000000e+00 3.624999999999999889e-01 0.000000000000000000e+00 2.500000000000000139e-02 0.000000000000000000e+00 0.000000000000000000e+00 0.000000000000000000e+00 1.250000000000000069e-02
1.833976833976834128e-02 0.000000000000000000e+00 9.652509652509652736e-04 0.000000000000000000e+00 4.633204633204632966e-02 0.000000000000000000e+00 0.000000000000000000e+00 1.061776061776061736e-01 0.000000000000000000e+00 1.254826254826254747e-02 1.621621621621621712e-01 1.167953667953667979e-01 6.756756756756757132e-03 0.000000000000000000e+00 2.027027027027027140e-02 2.220077220077220151e-02 0.000000000000000000e+00 4.826254826254826151e-03 0.000000000000000000e+00 0.000000000000000000e+00 8.687258687258687939e-02 9.652509652509652736e-04 0.000000000000000000e+00 9.652509652509652736e-04 0.000000000000000000e+00 8.204633204633204890e-02 2.895752895752895604e-03 1.081081081081081141e-01 1.264478764478764450e-01 0.000000000000000000e+00 6.756756756756757132e-03 6.756756756756757132e-02
8.333333333333333218e-03 1.083333333333333370e-02 0.000000000000000000e+00 0.000000000000000000e+00 1.666666666666666644e-02 0.000000000000000000e+00 0.000000000000000000e+00 3.166666666666666935e-02 0.000000000000000000e+00 1.666666666666666774e-03 0.000000000000000000e+00 1.000000000000000021e-02 0.000000000000000000e+00 5.666666666666666380e-02 0.000000000000000000e+00 3.333333333333333547e-03 0.000000000000000000e+00 0.000000000000000000e+00 1.041666666666666713e-01 1.524999999999999967e-01 0.000000000000000000e+00 0.000000000000000000e+00 0.000000000000000000e+00 0.000000000000000000e+00 0.000000000000000000e+00 1.658333333333333326e-01 5.833333333333333599e-03 1.033333333333333326e-01 2.000000000000000111e-01 1.166666666666666685e-01 2.500000000000000052e-03 1.000000000000000021e-02
3.571428571428571230e-02 0.000000000000000000e+00 0.000000000000000000e+00 0.000000000000000000e+00 2.500000000000000000e-01 0.000000000000000000e+00 0.000000000000000000e+00 0.000000000000000000e+00 0.000000000000000000e+00 7.142857142857142461e-02 0.000000000000000000e+00 0.000000000000000000e+00 0.000000000000000000e+00 0.000000000000000000e+00 0.000000000000000000e+00 3.571428571428571230e-02 3.571428571428571230e-02 0.000000000000000000e+00 0.000000000000000000e+00 0.000000000000000000e+00 0.000000000000000000e+00 0.000000000000000000e+00 4.285714285714285476e-01 0.000000000000000000e+00 0.000000000000000000e+00 0.000000000000000000e+00 8.928571428571428770e-02 0.000000000000000000e+00 0.000000000000000000e+00 0.000000000000000000e+00 1.785714285714285615e-02 3.571428571428571230e-02
1.057692307692307682e-01 0.000000000000000000e+00 9.615384615384615918e-04 0.000000000000000000e+00 1.346153846153846090e-01 1.538461538461538547e-02 1.057692307692307751e-02 7.499999999999999722e-02 2.403846153846153910e-01 1.153846153846153910e-02 0.000000000000000000e+00 0.000000000000000000e+00 1.192307692307692374e-01 9.615384615384615918e-04 5.769230769230769551e-03 6.730769230769231143e-03 0.000000000000000000e+00 5.769230769230769551e-03 0.000000000000000000e+00 0.000000000000000000e+00 0.000000000000000000e+00 1.105769230769230727e-01 0.000000000000000000e+00 0.000000000000000000e+00 0.000000000000000000e+00 0.000000000000000000e+00 5.000000000000000278e-02 4.038461538461538686e-02 2.307692307692307820e-02 0.000000000000000000e+00 6.730769230769231143e-03 3.653846153846154049e-02
2.156334231805930122e-03 0.000000000000000000e+00 0.000000000000000000e+00 0.000000000000000000e+00 3.234501347708895053e-02 3.234501347708894966e-03 2.318059299191374545e-02 4.258760107816711438e-02 0.000000000000000000e+00 0.000000000000000000e+00 0.000000000000000000e+00 4.097035040431266928e-02 0.000000000000000000e+00 0.000000000000000000e+00 4.312668463611860244e-03 1.078167115902965061e-03 0.000000000000000000e+00 7.816711590296496204e-02 9.218328840970350935e-02 0.000000000000000000e+00 0.000000000000000000e+00 0.000000000000000000e+00 0.000000000000000000e+00 0.000000000000000000e+00 0.000000000000000000e+00 0.000000000000000000e+00 0.000000000000000000e+00 5.983827493261455188e-02 5.924528301886792248e-01 0.000000000000000000e+00 0.000000000000000000e+00 2.749326145552560482e-02
3.656914893617021350e-02 6.648936170212765796e-04 5.984042553191489325e-03 2.293882978723404131e-01 8.776595744680851241e-02 0.000000000000000000e+00 0.000000000000000000e+00 4.587765957446808540e-02 0.000000000000000000e+00 3.390957446808510328e-02 2.593085106382978650e-02 6.648936170212765796e-04 3.989361702127659261e-03 6.648936170212765796e-04 7.446808510638297518e-02 0.000000000000000000e+00 0.000000000000000000e+00 8.643617021276596077e-03 0.000000000000000000e+00 5.984042553191489325e-03 6.715425531914893942e-02 6.648936170212765796e-04 0.000000000000000000e+00 1.389627659574468044e-01 7.779255319148936643e-02 4.654255319148935949e-03 4.654255319148935949e-03 7.380319148936170803e-02 6.648936170212765839e-02 1.329787234042553159e-03 0.000000000000000000e+00 3.989361702127659261e-03
2.374999999999999889e-01 0.000000000000000000e+00 0.000000000000000000e+00 0.000000000000000000e+00 6.250000000000000000e-02 0.000000000000000000e+00 0.000000000000000000e+00 0.000000000000000000e+00 0.000000000000000000e+00 8.749999999999999445e-02 0.000000000000000000e+00 3.749999999999999861e-02 1.250000000000000069e-02 0.000000000000000000e+00 5.000000000000000278e-02 3.749999999999999861e-02 0.000000000000000000e+00 0.000000000000000000e+00 0.000000000000000000e+00 7.499999999999999722e-02 0.000000000000000000e+00 1.375000000000000111e-01 0.000000000000000000e+00 0.000000000000000000e+00 0.000000000000000000e+00 1.000000000000000056e-01 0.000000000000000000e+00 0.000000000000000000e+00 0.000000000000000000e+00 1.000000000000000056e-01 0.000000000000000000e+00 6.250000000000000000e-02
